    0.970626831    0.013597599
    0.962330759    0.013664025
    0.954105616    0.013730775
    0.941899538    0.013797850
    0.933849037    0.013865255
    0.925867379    0.013932988
    0.917953849    0.014001052
    0.910108030    0.014069448
    0.902329206    0.014138179
    0.894616902    0.014207245
    0.883171916    0.014276649
    0.875623345    0.014346391
    0.868139267    0.014416475
    0.860719204    0.014486901
    0.853362560    0.014557670
    0.846068799    0.014628786
    0.835244834    0.014700249
    0.828105927    0.014772060
    0.821028054    0.014844224
    0.814010620    0.014916738
    0.807053149    0.014989608
    0.796728313    0.015062834
    0.789918602    0.015136417
    0.783167064    0.015210360
    0.776473284    0.015284664
    0.769836664    0.015359331
    0.763256788    0.015434363
    0.753492296    0.015509761
    0.747052133    0.015585528
    0.740666986    0.015661664
    0.734336436    0.015738172
    0.724941909    0.015815055
    0.718745768    0.015892314
    0.712602556    0.015969949
    0.706511915    0.016047964
    0.697473347    0.016126359
    0.691511989    0.016205138
    0.685601532    0.016284302
    0.679741621    0.016363852
    0.671045542    0.016443791
    0.665310025    0.016524119
    0.659623563    0.016604841
    0.651184857    0.016685957
    0.645619094    0.016767470
    0.640100956    0.016849380
    0.631911993    0.016931690
    0.626510978    0.017014403
    0.621156096    0.017097522
    0.613209486    0.017181044
    0.607968330    0.017264975
    0.602771997    0.017349316
    0.595060587    0.017434068
    0.589974523    0.017519236
    0.584931970    0.017604819
    0.577448785    0.017690821
    0.572513282    0.017777242
    0.567619979    0.017864084
    0.560358286    0.017951353
    0.555568874    0.018039046
    0.548461318    0.018127169
    0.543773592    0.018215721
    0.539125860    0.018304707
    0.532228708    0.018394127
    0.527679741    0.018483985
    0.523169577    0.018574281
    0.516476572    0.018665018
    0.512062192    0.018756198
    0.507685542    0.018847823
    0.501190603    0.018939897
    0.496906877    0.019032419
    0.492659748    0.019125395
    0.486357033    0.019218825
    0.482200086    0.019312710
    0.476031214    0.019407054
    0.471962512    0.019501859
    0.467928618    0.019597128
    0.461942285    0.019692861
    0.457994044    0.019789062
    0.454079509    0.019885734
    0.448270380    0.019982878
    0.444438964    0.020080496
    0.438753128    0.020178590
    0.435003072    0.020277165
    0.431285053    0.020376220
    0.427598804    0.020475760
    0.423944086    0.020575786
    0.418520480    0.020676300
    0.414943337    0.020777306
    0.411396772    0.020878805
    0.407880515    0.020980800
    0.404394329    0.021083292
    0.400937915    0.021186287
    0.397511065    0.021289783
    0.392425627    0.021393785
    0.389071524    0.021498296
    0.385746092    0.021603316
    0.382449090    0.021708852
    0.379180253    0.021814901
    0.375939339    0.021921469
    0.372726172    0.022028556
    0.369540423    0.022136169
    0.364812821    0.022244306
    0.361694723    0.022352971
    0.358603269    0.022462167
    0.355538249    0.022571897
    0.352499425    0.022682164
    0.349486589    0.022792967
    0.346499503    0.022904314
    0.342066646    0.023016203
    0.339142978    0.023128640
    0.336244285    0.023241624
    0.333370358    0.023355162
    0.330521017    0.023469254
    0.327696025    0.023583904
    0.324895173    0.023699114
    0.322118253    0.023814885
    0.319365054    0.023931224
    0.316635430    0.024048129
    0.313929111    0.024165606
    0.311245918    0.024283659
    0.308585674    0.024402285
    0.305948168    0.024521492
    0.303333193    0.024641283
    0.299452603    0.024761658
    0.296893150    0.024882620
    0.294355571    0.025004175
    0.291839689    0.025126321
    0.289345294    0.025249066
    0.286872238    0.025372410
    0.284420311    0.025496356
    0.281989336    0.025620908
    0.279579133    0.025746068
    0.277189553    0.025871839
    0.274820387    0.025998225
    0.272471458    0.026125230
    0.270142615    0.026252855
    0.267833680    0.026381101
    0.265544474    0.026509976
    0.263274848    0.026639480
    0.261024594    0.026769616
    0.258793592    0.026900388
    0.256581664    0.027031800
    0.253299147    0.027163852
    0.251134187    0.027296551
    0.248987719    0.027429895
    0.246859595    0.027563892
    0.244749665    0.027698545
    0.242657766    0.027833855
    0.240583733    0.027969826
    0.238527447    0.028106460
    0.236488730    0.028243763
    0.234467432    0.028381735
    0.232463419    0.028520383
    0.230476528    0.028659707
    0.228506625    0.028799713
    0.226553559    0.028940402
    0.224617183    0.029081779
    0.222697347    0.029223846
    0.220793933    0.029366607
    0.218906790    0.029510066
    0.217035770    0.029654225
    0.215180740    0.029799089
    0.213341564    0.029944660
    0.211518109    0.030090943
    0.209710255    0.030237939
    0.207917839    0.030385654
    0.206140742    0.030534092
    0.204378828    0.030683253
    0.202631980    0.030833144
    0.200900063    0.030983767
    0.199182957    0.031135125
    0.197480515    0.031287223
    0.195792630    0.031440064
    0.194954097    0.031593651
    0.193287805    0.031747989
    0.191635758    0.031903081
    0.189997822    0.032058928
    0.188373893    0.032215539
    0.186763853    0.032372914
    0.185167566    0.032531060
    0.183584914    0.032689977
    0.181236267    0.032849669
    0.180460081    0.033010144
    0.178917676    0.033171400
    0.177388445    0.033333447
    0.175872281    0.033496283
    0.174369082    0.033659916
    0.172878727    0.033824347
    0.171401113    0.033989582
    0.169936135    0.034155626
    0.168483675    0.034322478
    0.167043626    0.034490146
    0.165615886    0.034658633
    0.164200351    0.034827944
    0.162796915    0.034998082
    0.161405474    0.035169050
    0.160025924    0.035340853
    0.158658162    0.035513498
    0.157302096    0.035686985
    0.155957624    0.035861317
    0.154624641    0.036036506
    0.153303042    0.036212545
    0.151992753    0.036389448
    0.150693655    0.036567215
    0.149405658    0.036745846
    0.148128673    0.036925353
    0.146862596    0.037105739
    0.145607352    0.037287004
    0.144362822    0.037469152
    0.142515957    0.037652194
    0.141297862    0.037836127
    0.140090182    0.038020961
    0.138892815    0.038206697
    0.137705684    0.038393341
    0.136528701    0.038580894
    0.135361776    0.038769364
    0.134204820    0.038958758
    0.133057758    0.039149076
    0.131920502    0.039340321
    0.130232811    0.039532501
    0.129119694    0.039725624
    0.128016099    0.039919686
    0.126921937    0.040114697
    0.125837117    0.040310662
    0.124761574    0.040507581
    0.123695225    0.040705465
    0.122637987    0.040904313
    0.121069051    0.041104134
    0.120034263    0.041304935
    0.119008318    0.041506711
    0.117991142    0.041709475
    0.116481654    0.041913230
    0.115486071    0.042117979
    0.114499003    0.042323731
    0.113034189    0.042530484
    0.112068072    0.042738251
    0.111110218    0.042947032
    0.109688759    0.043156829
    0.108751237    0.043367654
    0.107359961    0.043579511
    0.106442347    0.043792401
    0.105532572    0.044006329
    0.104182467    0.044221304
    0.103292011    0.044437330
    0.101970568    0.044654410
    0.101099022    0.044872552
    0.100234911    0.045091756
    0.098952591    0.045312036
    0.098106831    0.045533389
    0.097268298    0.045755822
    0.096023925    0.045979343
    0.095203198    0.046203956
    0.093985245    0.046429668
    0.093181945    0.046656482
    0.091989845    0.046884403
    0.091203600    0.047113437
    0.090036817    0.047343589
    0.088884957    0.047574867
    0.088125244    0.047807276
    0.086997837    0.048040818
    0.086254261    0.048275501
    0.085150786    0.048511334
    0.084422991    0.048748314
    0.083342955    0.048986454
    0.082276724    0.049225759
    0.081573501    0.049466230
    0.080529913    0.049707878
    0.079841614    0.049950704
    0.078820184    0.050194718
    0.078146502    0.050439924
    0.077146754    0.050686326
    0.076487377    0.050933935
    0.075508855    0.051182751
    0.074863471    0.051432781
    0.073905721    0.051684037
    0.073274046    0.051936518
    0.072336636    0.052190233
    0.071718365    0.052445184
    0.070800856    0.052701384
    0.070195712    0.052958835
    0.069297686    0.053217545
    0.068705395    0.053477515
    0.067826428    0.053738758
    0.067246713    0.054001275
    0.066386409    0.054265078
    0.065818995    0.054530166
    0.064976960    0.054796554
    0.064421594    0.055064239
    0.966469884    0.055064239
    0.063597433    0.055333231
    0.954105616    0.055333231
    0.063053854    0.055603541
    0.945950806    0.055603541
    0.062247194    0.055875167
    0.937865674    0.055875167
    0.061715163    0.056148123
    0.925867379    0.056148123
    0.060925629    0.056422412
    0.917953849    0.056422412
    0.060404889    0.056698039
    0.910108030    0.056698039
    0.059888605    0.056975015
    0.898464799    0.056975015
    0.059122436    0.057253342
    0.890785515    0.057253342
    0.058617111    0.057533033
    0.883171916    0.057533033
    0.058116104    0.057814084
    0.875623345    0.057814084
    0.057372615    0.058096513
    0.864421308    0.058096513
    0.056882244    0.058380321
    0.857032955    0.058380321
    0.056154538    0.058665510
    0.849707842    0.058665510
    0.055674579    0.058952097
    0.838837326    0.058952097
    0.055198722    0.059240084
    0.831667721    0.059240084
    0.054492552    0.059529476
    0.824559391    0.059529476
    0.054026797    0.059820283
    0.814010620    0.059820283
    0.053565025    0.060112514
    0.807053149    0.060112514
    0.052879754    0.060406167
    0.800155163    0.060406167
    0.052427787    0.060701258
    0.793316185    0.060701258
    0.051757067    0.060997788
    0.783167064    0.060997788
    0.051314693    0.061295770
    0.776473284    0.061295770
    0.050876103    0.061595205
    0.769836664    0.061595205
    0.050225232    0.061896104
    0.759988010    0.061896104
    0.049795952    0.062198471
    0.753492296    0.062198471
    0.049370341    0.062502317
    0.747052133    0.062502317
    0.048738737    0.062807642
    0.737494946    0.062807642
    0.048322160    0.063114464
    0.731191456    0.063114464
    0.047909148    0.063422784
    0.724941909    0.063422784
    0.047499660    0.063732609
    0.718745768    0.063732609
    0.047093678    0.064043954
    0.709550679    0.064043954
    0.046491198    0.064356811
    0.703486085    0.064356811
    0.046093833    0.064671203
    0.697473347    0.064671203
    0.045699865    0.064987123
    0.688550413    0.064987123
    0.045309264    0.065304592
    0.682665288    0.065304592
    0.044729613    0.065623611
    0.676830471    0.065623611
    0.044347305    0.065944187
    0.668171644    0.065944187
    0.043968260    0.066266328
    0.662460685    0.066266328
    0.043592460    0.066590048
    0.656798542    0.066590048
    0.043034773    0.066915348
    0.651184857    0.066915348
    0.042666949    0.067242235
    0.642854095    0.067242235
    0.042302269    0.067570716
    0.637359560    0.067570716
    0.041940708    0.067900807
    0.631911993    0.067900807
    0.041404150    0.068232507
    0.623827815    0.068232507
    0.041050266    0.068565831
    0.618495882    0.068565831
    0.040699404    0.068900779
    0.613209486    0.068900779
    0.040178727    0.069237366
    0.607968330    0.069237366
    0.039835319    0.069575600
    0.600190461    0.069575600
    0.039494842    0.069915481
    0.595060587    0.069915481
    0.039157275    0.070257023
    0.589974523    0.070257023
    0.038656328    0.070600234
    0.584931970    0.070600234
    0.038325928    0.070945121
    0.577448785    0.070945121
    0.037998352    0.071291700
    0.572513282    0.071291700
    0.037673578    0.071639962
    0.567619979    0.071639962
    0.037191611    0.071989931
    0.560358286    0.071989931
    0.036873728    0.072341606
    0.555568874    0.072341606
    0.036558565    0.072695002
    0.550820351    0.072695002
    0.036246095    0.073050126
    0.546112418    0.073050126
    0.035936296    0.073406979
    0.539125860    0.073406979
    0.035476554    0.073765583
    0.534517944    0.073765583
    0.035173334    0.074125931
    0.529949367    0.074125931
    0.034872703    0.074488044
    0.525419831    0.074488044
    0.034426570    0.074851930
    0.518697977    0.074851930
    0.034132320    0.075217582
    0.514264643    0.075217582
    0.033840589    0.075585030
    0.509869158    0.075585030
    0.033551350    0.075954266
    0.503346264    0.075954266
    0.033122119    0.076325312
    0.499044120    0.076325312
    0.032839023    0.076698169
    0.494778752    0.076698169
    0.032558344    0.077072844
    0.490549833    0.077072844
    0.032280065    0.077449352
    0.486357033    0.077449352
    0.031867098    0.077827699
    0.480134964    0.077827699
    0.031594727    0.078207895
    0.476031214    0.078207895
    0.031324685    0.078589946
    0.471962512    0.078589946
    0.031056948    0.078973867
    0.465924591    0.078973867
    0.030791501    0.079359658
    0.461942285    0.079359658
    0.030397577    0.079747334
    0.457994044    0.079747334
    0.030137766    0.080136910
    0.454079509    0.080136910
    0.029880175    0.080528386
    0.448270380    0.080528386
    0.029624788    0.080921777
    0.444438964    0.080921777
    0.029245792    0.081317082
    0.440640271    0.081317082
    0.028995825    0.081714325
    0.436874092    0.081714325
    0.028747994    0.082113512
    0.431285053    0.082113512
    0.028502282    0.082514644
    0.427598804    0.082514644
    0.028137647    0.082917735
    0.423944086    0.082917735
    0.027897151    0.083322793
    0.418520480    0.083322793
    0.027658712    0.083729833
    0.414943337    0.083729833
    0.027422309    0.084138863
    0.411396772    0.084138863
    0.027071489    0.084549889
    0.407880515    0.084549889
    0.026840106    0.084962919
    0.404394329    0.084962919
    0.026610700    0.085377976
    0.400937915    0.085377976
    0.026270265    0.085795052
    0.395808637    0.085795052
    0.026045730    0.086214170
    0.392425627    0.086214170
    0.025823114    0.086635336
    0.389071524    0.086635336
    0.025602402    0.087058559
    0.384094059    0.087058559
    0.025383575    0.087483846
    0.380811155    0.087483846
    0.025166620    0.087911211
    0.377556324    0.087911211
    0.024844658    0.088340662
    0.374329299    0.088340662
    0.024632307    0.088772215
    0.371129870    0.088772215
    0.024421772    0.089205876
    0.366381943    0.089205876
    0.024213037    0.089641653
    0.363250434    0.089641653
    0.024006085    0.090079561
    0.360145688    0.090079561
    0.023698971    0.090519607
    0.357067496    0.090519607
    0.023496414    0.090961806
    0.352499425    0.090961806
    0.023295587    0.091406159
    0.349486589    0.091406159
    0.023096478    0.091852687
    0.346499503    0.091852687
    0.022800999    0.092301399
    0.343537927    0.092301399
    0.022606116    0.092752300
    0.339142978    0.092752300
    0.022412900    0.093205400
    0.336244285    0.093205400
    0.022221334    0.093660720
    0.333370358    0.093660720
    0.021937052    0.094118260
    0.330521017    0.094118260
    0.021749554    0.094578035
    0.327696025    0.094578035
    0.021563658    0.095040061
    0.323503733    0.095040061
    0.021287790    0.095504336
    0.320738703    0.095504336
    0.021105841    0.095970884
    0.317997307    0.095970884
    0.020925445    0.096439712
    0.313929111    0.096439712
    0.020746594    0.096910827
    0.311245918    0.096910827
    0.020569270    0.097384244
    0.308585674    0.097384244
    0.020393463    0.097859979
    0.305948168    0.097859979
    0.020132566    0.098338030
    0.303333193    0.098338030
    0.019960491    0.098818421
    0.300740570    0.098818421
    0.019789886    0.099301159
    0.296893150    0.099301159
    0.019620741    0.099786252
    0.294355571    0.099786252
    0.019453039    0.100273721
    0.290589809    0.100273721
    0.019204173    0.100763567
    0.288106114    0.100763567
    0.019040033    0.101255804
    0.285643637    0.101255804
    0.018877296    0.101750448
    0.283202201    0.101750448
    0.018715950    0.102247506
    0.280781657    0.102247506
    0.018476512    0.102746993
    0.277189553    0.102746993
    0.018318592    0.103248924
    0.274820387    0.103248924
    0.018162020    0.103753299
    0.272471458    0.103753299
    0.018006787    0.104260147
    0.270142615    0.104260147
    0.017776422    0.104769468
    0.266686618    0.104769468
    0.017624486    0.105281271
    0.264407218    0.105281271
    0.017473847    0.105795585
    0.262147307    0.105795585
    0.017250299    0.106312402
    0.258793592    0.106312402
    0.017102860    0.106831744
    0.256581664    0.106831744
    0.016956680    0.107353628
    0.254388630    0.107353628
    0.016811749    0.107878067
    0.252214342    0.107878067
    0.016596673    0.108405061
    0.250058651    0.108405061
    0.016454820    0.108934626
    0.247921377    0.108934626
    0.016314179    0.109466784
    0.244749665    0.109466784
    0.016174739    0.110001534
    0.242657766    0.110001534
    0.015967812    0.110538907
    0.239553392    0.110538907
    0.015831335    0.111078896
    0.237505898    0.111078896
    0.015696023    0.111621529
    0.235475913    0.111621529
    0.015561867    0.112166807
    0.233463272    0.112166807
    0.015428858    0.112714753
    0.230476528    0.112714753
    0.015296986    0.113265373
    0.228506625    0.113265373
    0.015101288    0.113818683
    0.226553559    0.113818683
    0.014972216    0.114374697
    0.224617183    0.114374697
    0.014844247    0.114933431
    0.222697347    0.114933431
    0.014717371    0.115494892
    0.219848335    0.115494892
    0.014591580    0.116059095
    0.217969269    0.116059095
    0.014466865    0.116626047
    0.216106266    0.116626047
    0.014343215    0.117195778
    0.213341564    0.117195778
    0.014159719    0.117768288
    0.211518109    0.117768288
    0.014038694    0.118343599
    0.209710255    0.118343599
    0.013918704    0.118921719
    0.207917839    0.118921719
    0.013799740    0.119502664
    0.206140742    0.119502664
    0.013681792    0.120086446
    0.203503534    0.120086446
    0.013506758    0.120673075
    0.201764166    0.120673075
    0.013391314    0.121262580
    0.200039670    0.121262580
    0.013276857    0.121854953
    0.197480515    0.121854953
    0.013163378    0.122450233
    0.195792630    0.122450233
    0.013050870    0.123048410
    0.194119170    0.123048410
    0.012883907    0.123649515
    0.191635758    0.123649515
    0.012773788    0.124253549
    0.189997822    0.124253549
    0.012664609    0.124860540
    0.188373893    0.124860540
    0.012556362    0.125470489
    0.186763853    0.125470489
    0.012449042    0.126083434
    0.185167566    0.126083434
    0.012289778    0.126699358
    0.182798669    0.126699358
    0.012184736    0.127318293
    0.181236267    0.127318293
    0.012080592    0.127940252
    0.179687217    0.127940252
    0.011977338    0.128565252
    0.177388445    0.128565252
    0.011874966    0.129193306
    0.175872281    0.129193306
    0.011773470    0.129824430
    0.174369082    0.129824430
    0.011622850    0.130458638
    0.172878727    0.130458638
    0.011523508    0.131095931
    0.171401113    0.131095931
    0.011425016    0.131736353
    0.169208348    0.131736353
    0.011327364    0.132379889
    0.167762101    0.132379889
    0.011230549    0.133026585
    0.166328222    0.133026585
    0.011134560    0.133676425
    0.164906606    0.133676425
    0.011039392    0.134329453
    0.162796915    0.134329453
    0.010898163    0.134985656
    0.161405474    0.134985656
    0.010805015    0.135645077
    0.160025924    0.135645077
    0.010712663    0.136307716
    0.157978684    0.136307716
    0.010621101    0.136973590
    0.156628415    0.136973590
    0.010530321    0.137642711
    0.155289710    0.137642711
    0.010440317    0.138315111
    0.153962433    0.138315111
    0.010351082    0.138990790
    0.152646497    0.138990790
    0.010218658    0.139669776
    0.150693655    0.139669776
    0.010131319    0.140352085
    0.149405658    0.140352085
    0.010044726    0.141037717
    0.148128673    0.141037717
    0.009958872    0.141726688
    0.146233633    0.141726688
    0.009873752    0.142419040
    0.144983754    0.142419040
    0.009789361    0.143114775
    0.143744558    0.143114775
    0.009705690    0.143813893
    0.142515957    0.143813893
    0.009622735    0.144516438
    0.141297862    0.144516438
    0.009540488    0.145222425
    0.140090182    0.145222425
    0.009458945    0.145931840
    0.138297975    0.145931840
    0.009378098    0.146644726
    0.137115926    0.146644726
    0.009297943    0.147361100
    0.135943979    0.147361100
    0.009178991    0.148080975
    0.134204820    0.148080975
    0.009100538    0.148804367
    0.133057758    0.148804367
    0.009022755    0.149531290
    0.131920502    0.149531290
    0.008945636    0.150261760
    0.130792961    0.150261760
    0.008869177    0.150995806
    0.129675061    0.150995806
    0.008793371    0.151733443
    0.128016099    0.151733443
    0.008718213    0.152474672
    0.126921937    0.152474672
    0.008643698    0.153219521
    0.125837117    0.153219521
    0.008569819    0.153968006
    0.124761574    0.153968006
    0.008496572    0.154720157
    0.123695225    0.154720157
    0.008423951    0.155475989
    0.122112766    0.155475989
    0.008351951    0.156235501
    0.121069051    0.156235501
    0.008280566    0.156998724
    0.120034263    0.156998724
    0.008209791    0.157765672
    0.119008318    0.157765672
    0.008139621    0.158536375
    0.117485814    0.158536375
    0.008035489    0.159310833
    0.116481654    0.159310833
    0.007966809    0.160089090
    0.115486071    0.160089090
    0.007898715    0.160871133
    0.114499003    0.160871133
    0.007831205    0.161657006
    0.113520369    0.161657006
    0.007764271    0.162446707
    0.112550095    0.162446707
    0.007697908    0.163240284
    0.111110218    0.163240284
    0.007632114    0.164037719
    0.110160545    0.164037719
    0.007566881    0.164839059
    0.109218992    0.164839059
    0.007502206    0.165644318
    0.108285487    0.165644318
    0.007438084    0.166453496
    0.107359961    0.166453496
    0.007342927    0.167266637
    0.105986483    0.167266637
    0.007280166    0.168083757
    0.105080605    0.168083757
    0.007217942    0.168904856
    0.104182467    0.168904856
    0.007156250    0.169729978
    0.103292011    0.169729978
    0.007095085    0.170559123
    0.102409162    0.170559123
    0.007034442    0.171392307
    0.101099022    0.171392307
    0.006974318    0.172229588
    0.100234911    0.172229588
    0.006914707    0.173070937
    0.099378198    0.173070937
    0.006826246    0.173916399
    0.098528802    0.173916399
    0.006767902    0.174766004
    0.097686663    0.174766004
    0.006710056    0.175619751
    0.096851729    0.175619751
    0.006652704    0.176477671
    0.096023925    0.176477671
    0.006595843    0.177339777
    0.095203198    0.177339777
    0.006539467    0.178206101
    0.093985245    0.178206101
    0.006483574    0.179076657
    0.093181945    0.179076657
    0.006400628    0.179951459
    0.092385508    0.179951459
    0.006345921    0.180830538
    0.091203600    0.180830538
    0.006291682    0.181713909
    0.090424076    0.181713909
    0.006237906    0.182601601
    0.089651212    0.182601601
    0.006184591    0.183493614
    0.088884957    0.183493614
    0.006131730    0.184390008
    0.088125244    0.184390008
    0.006079322    0.185290769
    0.087372027    0.185290769
    0.006001547    0.186195925
    0.086625248    0.186195925
    0.005950252    0.187105507
    0.085517034    0.187105507
    0.005899394    0.188019529
    0.084786110    0.188019529
    0.005848971    0.188938022
    0.084061436    0.188938022
    0.005798980    0.189861000
    0.083342955    0.189861000
    0.005724792    0.190788493
    0.082276724    0.190788493
    0.005675862    0.191720515
    0.081573501    0.191720515
    0.005627349    0.192657083
    0.080876283    0.192657083
    0.005579252    0.193598226
    0.080185026    0.193598226
    0.005531565    0.194543973
    0.079499677    0.194543973
    0.005484287    0.195494339
    0.078820184    0.195494339
    0.005414125    0.196449354
    0.078146502    0.196449354
    0.005367850    0.197409019
    0.077146754    0.197409019
    0.005321970    0.198373392
    0.076487377    0.198373392
    0.005276483    0.199342459
    0.075833626    0.199342459
    0.005208980    0.200316265
    0.075185470    0.200316265
    0.005164458    0.201294824
    0.074223600    0.201294824
    0.005120317    0.202278167
    0.073589206    0.202278167
    0.005076553    0.203266323
    0.072960235    0.203266323
    0.005011607    0.204259291
    0.072336636    0.204259291
    0.004968773    0.205257118
    0.071718365    0.205257118
    0.004926304    0.206259817
    0.071105383    0.206259817
    0.004884198    0.207267419
    0.070195712    0.207267419
    0.004821714    0.208279938
    0.069595747    0.208279938
    0.004780502    0.209297389
    0.069000907    0.209297389
    0.004739643    0.210319832
    0.068118162    0.210319832
    0.004699132    0.211347267
    0.067535952    0.211347267
    0.004639016    0.212379709
    0.066958711    0.212379709
    0.004599365    0.213417202
    0.066386409    0.213417202
    0.004560054    0.214459777
    0.065818995    0.214459777
    0.004501716    0.215507433
    0.065256432    0.215507433
    0.004463240    0.216560200
    0.064698681    0.216560200
    0.004425092    0.217618123
    0.063870974    0.217618123
    0.004368481    0.218681201
    0.063325062    0.218681201
    0.004331143    0.219749480
    0.062783815    0.219749480
    0.004294124    0.220822975
    0.062247194    0.220822975
    0.004239189    0.221901715
    0.061450854    0.221901715
    0.004202956    0.222985730
    0.060925629    0.222985730
    0.004167033    0.224075034
    0.060404889    0.224075034
    0.004113723    0.225169659
    0.059888605    0.225169659
    0.004078562    0.226269633
    0.059376732    0.226269633
    0.004043703    0.227374971
    0.058617111    0.227374971
    0.003991971    0.228485718
    0.058116104    0.228485718
    0.003957851    0.229601890
    0.057619382    0.229601890
    0.003924022    0.230723515
    0.056882244    0.230723515
    0.003873822    0.231850624
    0.056396067    0.231850624
    0.003840712    0.232983232
    0.055914041    0.232983232
    0.003807885    0.234121382
    0.055436138    0.234121382
    0.003775338    0.235265091
    0.054962322    0.235265091
    0.003727040    0.236414373
    0.054492552    0.236414373
    0.003695184    0.237569287
    0.053795416    0.237569287
    0.003663601    0.238729835
    0.053335618    0.238729835
    0.003616732    0.239896044
    0.052879754    0.239896044
    0.003585819    0.241067961
    0.052203253    0.241067961
    0.003555171    0.242245600
    0.051757067    0.242245600
    0.003509689    0.243428990
    0.051314693    0.243428990
    0.003479691    0.244618163
    0.050876103    0.244618163
    0.003449950    0.245813146
    0.050225232    0.245813146
    0.003420463    0.247013956
    0.049795952    0.247013956
    0.003376704    0.248220637
    0.049370341    0.248220637
    0.003347843    0.249433219
    0.048948370    0.249433219
    0.003319229    0.250651717
    0.048530001    0.250651717
    0.003276765    0.251876175
    0.047909148    0.251876175
    0.003248758    0.253106624
    0.047499660    0.253106624
    0.003220991    0.254343063
    0.047093678    0.254343063
    0.003179784    0.255585551
    0.046691164    0.255585551
    0.003152606    0.256834120
    0.046093833    0.256834120
    0.003125660    0.258088768
    0.045699865    0.258088768
    0.003085673    0.259349555
    0.045309264    0.259349555
    0.003059299    0.260616511
    0.044922002    0.260616511
    0.003033151    0.261889637
    0.044538047    0.261889637
    0.003007227    0.263168991
    0.043968260    0.263168991
    0.002981524    0.264454603
    0.043592460    0.264454603
    0.002956040    0.265746504
    0.043219872    0.265746504
    0.002930775    0.267044693
    0.042666949    0.267044693
    0.002893280    0.268349230
    0.042302269    0.268349230
    0.002868552    0.269660145
    0.041940708    0.269660145
    0.002844034    0.270977467
    0.041582238    0.270977467
    0.002819725    0.272301197
    0.041226830    0.272301197
    0.002795625    0.273631424
    0.040874459    0.273631424
    0.002771730    0.274968117
    0.040351544    0.274968117
    0.002736271    0.276311368
    0.040006656    0.276311368
    0.002712884    0.277661175
    0.039664716    0.277661175
    0.002689696    0.279017568
    0.039157275    0.279017568
    0.002666707    0.280380607
    0.038822595    0.280380607
    0.002643915    0.281750292
    0.038490772    0.281750292
    0.002621317    0.283126652
    0.038161788    0.283126652
    0.002587782    0.284509748
    0.037835617    0.284509748
    0.002565664    0.285899609
    0.037351578    0.285899609
    0.002543735    0.287296265
    0.037032329    0.287296265
    0.002521993    0.288699716
    0.036715809    0.288699716
    0.002500438    0.290110052
    0.036401995    0.290110052
    0.002479066    0.291527241
    0.036090862    0.291527241
    0.002447351    0.292951405
    0.035629146    0.292951405
    0.002436870    0.294382483
    0.035324618    0.294382483
    0.002416041    0.295820564
    0.035022695    0.295820564
    0.002395391    0.297265679
    0.034723353    0.297265679
    0.002374918    0.298717856
    0.034426570    0.298717856
    0.002354619    0.300177097
    0.034132320    0.300177097
    0.002334494    0.301643491
    0.033695661    0.301643491
    0.002314541    0.303117067
    0.033407658    0.303117067
    0.002294758    0.304597795
    0.033122119    0.304597795
    0.002275144    0.306085795
    0.032839023    0.306085795
    0.002265400    0.307581067
    0.032558344    0.307581067
    0.002246038    0.309083611
    0.032141816    0.309083611
    0.002226841    0.310593516
    0.031867098    0.310593516
    0.002207808    0.312110782
    0.031594727    0.312110782
    0.002188937    0.313635498
    0.031324685    0.313635498
    0.002170228    0.315167636
    0.031056948    0.315167636
    0.002151679    0.316707253
    0.030791501    0.316707253
    0.002133288    0.318254381
    0.030397577    0.318254381
    0.002124152    0.319809079
    0.030137766    0.319809079
    0.002105997    0.321371377
    0.029880175    0.321371377
    0.002087997    0.322941333
    0.029624788    0.322941333
    0.002070150    0.324518919
    0.029245792    0.324518919
    0.002052457    0.326104224
    0.028995825    0.326104224
    0.002034914    0.327697277
    0.028747994    0.327697277
    0.002017522    0.329298109
    0.028502282    0.329298109
    0.002008881    0.330906749
    0.028258670    0.330906749
    0.001991711    0.332523257
    0.028017141    0.332523257
    0.001974687    0.334147662
    0.027777676    0.334147662
    0.001957810    0.335779995
    0.027422309    0.335779995
    0.001949425    0.337420315
    0.027187927    0.337420315
    0.001932763    0.339068651
    0.026955549    0.339068651
    0.001916243    0.340725034
    0.026725156    0.340725034
    0.001899865    0.342389494
    0.026383257    0.342389494
    0.001883627    0.344062090
    0.026157755    0.344062090
    0.001875560    0.345742881
    0.025934184    0.345742881
    0.001859529    0.347431868
    0.025712522    0.347431868
    0.001843635    0.349129081
    0.025492754    0.349129081
    0.001827878    0.350834608
    0.025274865    0.350834608
    0.001812255    0.352548480
    0.024951518    0.352548480
    0.001804493    0.354270697
    0.024738254    0.354270697
    0.001789070    0.356001347
    0.024526814    0.356001347
    0.001773779    0.357740462
    0.024317181    0.357740462
    0.001758618    0.359488040
    0.024006085    0.359488040
    0.001743587    0.361244172
    0.023800902    0.361244172
    0.001736120    0.363008887
    0.023597473    0.363008887
    0.001721281    0.364782214
    0.023395784    0.364782214
    0.001706569    0.366564214
    0.023195818    0.366564214
    0.001691983    0.368354917
    0.022997562    0.368354917
    0.001677521    0.370154351
    0.022703348    0.370154351
    0.001670337    0.371962607
    0.022509301    0.371962607
    0.001656060    0.373779655
    0.022316912    0.373779655
    0.001641906    0.375605613
    0.022126166    0.375605613
    0.001627872    0.377440482
    0.021843102    0.377440482
    0.001620900    0.379284322
    0.021656407    0.379284322
    0.001607046    0.381137162
    0.021471307    0.381137162
    0.001593311    0.382999033
    0.021287790    0.382999033
    0.001586487    0.384870023
    0.021105841    0.384870023
    0.001572927    0.386750162
    0.020925445    0.386750162
    0.001559483    0.388639450
    0.020657742    0.388639450
    0.001552804    0.390538007
    0.020481179    0.390538007
    0.001539533    0.392445803
    0.020306123    0.392445803
    0.001526374    0.394362926
    0.020132566    0.394362926
    0.001513328    0.396289438
    0.019875005    0.396289438
    0.001506847    0.398225337
    0.019705132    0.398225337
    0.001493968    0.400170714
    0.019536709    0.400170714
    0.001481198    0.402125597
    0.019369727    0.402125597
    0.001474855    0.404090017
    0.019204173    0.404090017
    0.001462249    0.406064034
    0.019040033    0.406064034
    0.001449751    0.408047676
    0.018796450    0.408047676
    0.001437360    0.410041034
    0.018635795    0.410041034
    0.001431204    0.412044108
    0.018476512    0.412044108
    0.001418971    0.414056987
    0.018318592    0.414056987
    0.001406843    0.416079700
    0.018084237    0.416079700
    0.001400818    0.418112278
    0.017929669    0.418112278
    0.001388845    0.420154810
    0.017776422    0.420154810
    0.001376975    0.422207296
    0.017624486    0.422207296
    0.001365206    0.424269825
    0.017473847    0.424269825
    0.001359359    0.426342428
    0.017324496    0.426342428
    0.001347740    0.428425133
    0.017102860    0.428425133
    0.001336221    0.430518031
    0.016956680    0.430518031
    0.001330498    0.432621151
    0.016811749    0.432621151
    0.001319126    0.434734553
    0.016668057    0.434734553
    0.001307852    0.436858267
    0.016454820    0.436858267
    0.001296673    0.438992351
    0.016314179    0.438992351
    0.001285591    0.441136867
    0.016174739    0.441136867
    0.001280085    0.443291873
    0.016036492    0.443291873
    0.001269144    0.445457369
    0.015899427    0.445457369
    0.001258296    0.447633475
    0.015763532    0.447633475
    0.001247541    0.449820191
    0.015628800    0.449820191
    0.001236879    0.452017605
    0.015428858    0.452017605
    0.001226307    0.454225749
    0.015296986    0.454225749
    0.001221055    0.456444681
    0.015166242    0.456444681
    0.001210618    0.458674461
    0.015036614    0.458674461
    0.001200271    0.460915118
    0.014844247    0.460915118
    0.001190012    0.463166744
    0.014717371    0.463166744
    0.001179841    0.465429366
    0.014591580    0.465429366
    0.001169757    0.467703015
    0.014466865    0.467703015
    0.001164747    0.469987780
    0.014343215    0.469987780
    0.001154792    0.472283721
    0.014220622    0.472283721
    0.001144922    0.474590868
    0.014099077    0.474590868
    0.001135136    0.476909310
    0.013918704    0.476909310
    0.001130275    0.479239047
    0.013799740    0.479239047
    0.001120614    0.481580168
    0.013681792    0.481580168
    0.001111036    0.483932734
    0.013564852    0.483932734
    0.001101540    0.486296773
    0.013448912    0.486296773
    0.001096822    0.488672376
    0.013276857    0.488672376
    0.001087448    0.491059572
    0.013163378    0.491059572
    0.001078153    0.493458450
    0.013050870    0.493458450
    0.001073536    0.495869040
    0.012939323    0.495869040
    0.001064360    0.498291403
    0.012828729    0.498291403
    0.001055263    0.500725567
    0.012719081    0.500725567
    0.001050743    0.503171682
    0.012556362    0.503171682
    0.001041763    0.505629718
    0.012449042    0.505629718
    0.001032859    0.508099794
    0.012342638    0.508099794
    0.001028435    0.510581911
    0.012237145    0.510581911
    0.001019645    0.513076127
    0.012132552    0.513076127
    0.001010930    0.515582561
    0.012028854    0.515582561
    0.001006600    0.518101215
    0.011926043    0.518101215
    0.000997997    0.520632207
    0.011824110    0.520632207
    0.000993723    0.523175538
    0.011672841    0.523175538
    0.000985229    0.525731266
    0.011573073    0.525731266
    0.000976808    0.528299510
    0.011474156    0.528299510
    0.000972625    0.530880332
    0.011376086    0.530880332
    0.000964312    0.533473730
    0.011278853    0.533473730
    0.000960182    0.536079764
    0.011182452    0.536079764
    0.000951975    0.538698614
    0.011086874    0.538698614
    0.000943839    0.541330159
    0.010992113    0.541330159
    0.000939796    0.543974638
    0.010898163    0.543974638
    0.000931764    0.546631992
    0.010758740    0.546631992
    0.000927773    0.549302340
    0.010666783    0.549302340
    0.000919844    0.551985741
    0.010575613    0.551985741
    0.000915904    0.554682195
    0.010485223    0.554682195
    0.000908076    0.557391882
    0.010395604    0.557391882
    0.000904187    0.560114801
    0.010306751    0.560114801
    0.000896459    0.562851012
    0.010218658    0.562851012
    0.000892619    0.565600574
    0.010131319    0.565600574
    0.000884990    0.568363607
    0.010044726    0.568363607
    0.000881200    0.571140110
    0.009958872    0.571140110
    0.000873668    0.573930204
    0.009831466    0.573930204
    0.000869927    0.576733887
    0.009747435    0.576733887
    0.000862491    0.579551280
    0.009664123    0.579551280
    0.000858797    0.582382441
    0.009581523    0.582382441
    0.000851457    0.585227430
    0.009499629    0.585227430
    0.000847811    0.588086307
    0.009418434    0.588086307
    0.000844180    0.590959191
    0.009337935    0.590959191
    0.000836964    0.593846083
    0.009258122    0.593846083
    0.000833380    0.596747041
    0.009178991    0.596747041
    0.000829811    0.599662185
    0.009100538    0.599662185
    0.000826257    0.602591634
    0.008984112    0.602591634
    0.000819195    0.605535328
    0.008907325    0.605535328
    0.000815686    0.608493388
    0.008831193    0.608493388
    0.000812193    0.611465931
    0.008755711    0.611465931
    0.000808715    0.614453018
    0.008680875    0.614453018
    0.000805251    0.617454708
    0.008606679    0.617454708
    0.000801802    0.620471001
    0.008533117    0.620471001
    0.000798369    0.623502076
    0.008460184    0.623502076
    0.000794949    0.626547933
    0.008387874    0.626547933
    0.000788155    0.629608691
    0.008316182    0.629608691
    0.000784779    0.632684350
    0.008209791    0.632684350
    0.000781418    0.635775089
    0.008139621    0.635775089
    0.000778072    0.638880908
    0.008070051    0.638880908
    0.000774740    0.642001927
    0.008001075    0.642001927
    0.000771422    0.645138144
    0.007932689    0.645138144
    0.000768118    0.648289680
    0.007864888    0.648289680
    0.000764828    0.651456654
    0.007797665    0.651456654
    0.000761553    0.654639065
    0.007731018    0.654639065
    0.000758291    0.657837033
    0.007664940    0.657837033
    0.000755044    0.661050677
    0.007599427    0.661050677
    0.000751810    0.664279938
    0.007534474    0.664279938
    0.000748590    0.667524993
    0.007438084    0.667524993
    0.000745384    0.670785964
    0.007374510    0.670785964
    0.000742192    0.674062788
    0.007311480    0.674062788
    0.000739013    0.677355647
    0.007248987    0.677355647
    0.000735848    0.680664599
    0.007187030    0.680664599
    0.000732697    0.683989704
    0.007125601    0.683989704
    0.000729559    0.687331021
    0.007064698    0.687331021
    0.000726434    0.690688729
    0.007004315    0.690688729
    0.000723323    0.694062769
    0.006944449    0.694062769
    0.000720225    0.697453320
    0.006855607    0.697453320
    0.000717141    0.700860441
    0.006797011    0.700860441
    0.000717141    0.704284191
    0.006738917    0.704284191
    0.000714070    0.707724690
    0.006681318    0.707724690
    0.000711011    0.711181998
    0.006624212    0.711181998
    0.000707966    0.714656174
    0.006567595    0.714656174
    0.000704934    0.718147337
    0.006483574    0.718147337
    0.000701915    0.721655548
    0.006428158    0.721655548
    0.000698909    0.725180924
    0.006373216    0.725180924
    0.000698909    0.728723526
    0.006318743    0.728723526
    0.000695916    0.732283354
    0.006264736    0.732283354
    0.000692936    0.735860646
    0.006211191    0.735860646
    0.000689968    0.739455402
    0.006158104    0.739455402
    0.000689968    0.743067682
    0.006105470    0.743067682
    0.000687013    0.746697664
    0.006053286    0.746697664
    0.000684071    0.750345349
    0.005975844    0.750345349
    0.000681141    0.754010856
    0.005924768    0.754010856
    0.000681141    0.757694244
    0.005874129    0.757694244
    0.000678224    0.761395633
    0.005823922    0.761395633
    0.000675319    0.765115142
    0.005774144    0.765115142
    0.000675319    0.768852770
    0.005724792    0.768852770
    0.000672427    0.772608697
    0.005675862    0.772608697
    0.000672427    0.776382923
    0.005603249    0.776382923
    0.000669547    0.780175626
    0.005555357    0.780175626
    0.000669547    0.783986866
    0.005507875    0.783986866
    0.000666680    0.787816703
    0.005460799    0.787816703
    0.000666680    0.791665256
    0.005390938    0.791665256
    0.000663824    0.795532644
    0.005344861    0.795532644
    0.000663824    0.799418867
    0.005299178    0.799418867
    0.000660982    0.803324103
    0.005253885    0.803324103
    0.000660982    0.807248414
    0.005186671    0.807248414
    0.000660982    0.811191916
    0.005142340    0.811191916
    0.000658151    0.815154612
    0.005098388    0.815154612
    0.000658151    0.819136739
    0.005054811    0.819136739
    0.000658151    0.823138297
    0.004990144    0.823138297
    0.000655332    0.827159405
    0.004947493    0.827159405
    0.000655332    0.831200182
    0.004905206    0.831200182
    0.000655332    0.835260630
    0.004863281    0.835260630
    0.000652525    0.839340985
    0.004821714    0.839340985
    0.000652525    0.843441248
    0.004760028    0.843441248
    0.000652525    0.847561538
    0.004719344    0.847561538
    0.000652525    0.851701915
    0.004679007    0.851701915
    0.000652525    0.855862558
    0.004619148    0.855862558
    0.000649731    0.860043526
    0.004579667    0.860043526
    0.000649731    0.864244938
    0.004540524    0.864244938
    0.000649731    0.868466854
    0.004482436    0.868466854
    0.000649731    0.872709394
    0.004444125    0.872709394
    0.000649731    0.876972675
    0.004387270    0.876972675
    0.000649731    0.881256759
    0.004349772    0.881256759
    0.000646948    0.885561764
    0.004312594    0.885561764
    0.000646948    0.889887810
    0.004257422    0.889887810
    0.000646948    0.894235015
    0.004221033    0.894235015
    0.000646948    0.898603380
    0.004184956    0.898603380
    0.000646948    0.902993143
    0.004131417    0.902993143
    0.000649731    0.907404363
    0.004096105    0.907404363
    0.000649731    0.911837101
    0.004043703    0.911837101
    0.000649731    0.916291535
    0.004009141    0.916291535
    0.000649731    0.920767665
    0.003974874    0.920767665
    0.000649731    0.925265729
    0.003924022    0.925265729
    0.000649731    0.929785728
    0.003890484    0.929785728
    0.000649731    0.934327841
    0.003857231    0.934327841
    0.000649731    0.938892126
    0.003807885    0.938892126
    0.000649731    0.943478703
    0.003775338    0.943478703
    0.000652525    0.948087633
    0.003727040    0.948087633
    0.000652525    0.952719152
    0.003695184    0.952719152
    0.000652525    0.957373261
    0.003647911    0.957373261
    0.000652525    0.962050140
    0.003601242    0.962050140
    0.000655332    0.966749787
    0.003570462    0.966749787
    0.000655332    0.971472442
    0.003524784    0.971472442
    0.000655332    0.976218164
    0.003494658    0.976218164
    0.000658151    0.980987072
    0.003449950    0.980987072
    0.000658151    0.985779285
    0.003405814    0.985779285
    0.000660982    0.990594923
    0.003376704    0.990594923
    0.000660982    0.995434046
    0.003333505    0.995434046
    0.000663824    1.000296831
    0.003305013    1.000296831
    0.000663824    1.005183339
    0.003262731    1.005183339
    0.000666680    1.010093808
    0.003220991    1.010093808
    0.000669547    1.015028119
    0.003179784    1.015028119
    0.000669547    1.019986629
    0.003152606    1.019986629
    0.000672427    1.024969459
    0.003112274    1.024969459
    0.000675319    1.029976487
    0.003072458    1.029976487
    0.000675319    1.035007954
    0.003033151    1.035007954
    0.000678224    1.040064096
    0.002994348    1.040064096
    0.000681141    1.045144916
    0.002956040    1.045144916
    0.000684071    1.050250530
    0.002930775    1.050250530
    0.000687013    1.055381060
    0.002880889    1.055381060
    0.000689968    1.060536742
    0.002844034    1.060536742
    0.000692936    1.065717578
    0.002807649    1.065717578
    0.000695916    1.070923686
    0.002771730    1.070923686
    0.000698909    1.076155305
    0.002736271    1.076155305
    0.000701915    1.081412315
    0.002701265    1.081412315
    0.000704934    1.086695194
    0.002666707    1.086695194
    0.000707966    1.092003822
    0.002632592    1.092003822
    0.000711011    1.097338319
    0.002598912    1.097338319
    0.000714070    1.102698922
    0.002565664    1.102698922
    0.000720225    1.108085752
    0.002532841    1.108085752
    0.000723323    1.113498807
    0.002489729    1.113498807
    0.000726434    1.118938327
    0.002457877    1.118938327
    0.000732697    1.124404430
    0.002416041    1.124404430
    0.000735848    1.129897237
    0.002385132    1.129897237
    0.000742192    1.135416865
    0.002344535    1.135416865
    0.000745384    1.140963554
    0.002314541    1.140963554
    0.000751810    1.146537185
    0.002275144    1.146537185
    0.000758291    1.152138114
    0.002246038    1.152138114
    0.000761553    1.157766461
    0.002207808    1.157766461
    0.000768118    1.163422227
    0.002170228    1.163422227
    0.000774740    1.169105649
    0.002133288    1.169105649
    0.000781418    1.174816847
    0.002096977    1.174816847
    0.000788155    1.180555940
    0.002061285    1.180555940
    0.000794949    1.186323047
    0.002026199    1.186323047
    0.000801802    1.192118406
    0.001991711    1.192118406
    0.000808715    1.197942019
    0.001957810    1.197942019
    0.000815686    1.203794003
    0.001924485    1.203794003
    0.000822718    1.209674716
    0.001883627    1.209674716
    0.000833380    1.215584040
    0.001851565    1.215584040
    0.000840564    1.221522331
    0.001812255    1.221522331
    0.000851457    1.227489471
    0.001773779    1.227489471
    0.000862491    1.233485937
    0.001736120    1.233485937
    0.000873668    1.239511609
    0.001691983    1.239511609
    0.000888797    1.245566726
    0.001656060    1.245566726
    0.000904187    1.251651406
    0.001613959    1.251651406
    0.000919844    1.257765889
    0.001579693    1.257765889
    0.000935772    1.263910174
    0.001539533    1.263910174
    0.000956070    1.270084500
    0.001493968    1.270084500
    0.000976808    1.276288986
    0.001443542    1.276288986
    0.001006600    1.282523751
    0.001388845    1.282523751
    0.001041763    1.288789034
    0.001319126    1.288789034
    0.001120614    1.295084834
    0.001215825    1.295084834
    0.001130275    2.192147017
    0.001169757    2.192147017
    0.001024031    2.202855825
    0.001302251    2.202855825
    0.000976808    2.213616848
    0.001382897    2.213616848
    0.000939796    2.224430561
    0.001449751    2.224430561
    0.000911982    2.235297203
    0.001500393    2.235297203
    0.000888797    2.246216774
    0.001552804    2.246216774
    0.000869927    2.257189751
    0.001607046    2.257189751
    0.000851457    2.268216372
    0.001648968    2.268216372
    0.000833380    2.279296637
    0.001699260    2.279296637
    0.000819195    2.290431261
    0.001743587    2.290431261
    0.000805251    2.301620245
    0.001789070    2.301620245
    0.000791545    2.312863827
    0.001835740    2.312863827
    0.000778072    2.324162483
    0.001875560    2.324162483
    0.000768118    2.335516214
    0.001916243    2.335516214
    0.000755044    2.346925259
    0.001957810    2.346925259
    0.000745384    2.358390331
    0.002000277    2.358390331
    0.000735848    2.369911194
    0.002043667    2.369911194
    0.000726434    2.381488323
    0.002079054    2.381488323
    0.000717141    2.393122196
    0.002115055    2.393122196
    0.000711011    2.404812813
    0.002160934    2.404812813
    0.000701915    2.416560650
    0.002198352    2.416560650
    0.000692936    2.428365707
    0.002236419    2.428365707
    0.000687013    2.440228462
    0.002275144    2.440228462
    0.000678224    2.452149153
    0.002314541    2.452149153
    0.000672427    2.464128256
    0.002354619    2.464128256
    0.000666680    2.476165771
    0.002395391    2.476165771
    0.000660982    2.488261938
    0.002436870    2.488261938
    0.000655332    2.500417471
    0.002468449    2.500417471
    0.000649731    2.512632132
    0.002511192    2.512632132
    0.000644178    2.524906635
    0.002543735    2.524906635
    0.000638672    2.537240982
    0.002576699    2.537240982
    0.000633213    2.549635649
    0.002610091    2.549635649
    0.000627801    2.562090874
    0.002655287    2.562090874
    0.000622435    2.574606895
    0.002689696    2.574606895
    0.000617115    2.587184191
    0.002724552    2.587184191
    0.000614472    2.599822760
    0.002759860    2.599822760
    0.000609220    2.612523079
    0.002795625    2.612523079
    0.000606611    2.625285387
    0.002831853    2.625285387
    0.000601426    2.638110161
    0.002856266    2.638110161
    0.000598850    2.650997639
    0.002893280    2.650997639
    0.000593732    2.663948059
    0.002930775    2.663948059
    0.000591189    2.676961660
    0.002968754    2.676961660
    0.000588657    2.690038919
    0.003007227    2.690038919
    0.000583626    2.703179836
    0.003046197    2.703179836
    0.000581126    2.716385126
    0.003072458    2.716385126
    0.000578638    2.729655027
    0.003112274    2.729655027
    0.000576159    2.742989540
    0.003139104    2.742989540
    0.000573692    2.756389380
    0.003166166    2.756389380
    0.000571235    2.769854546
    0.003193461    2.769854546
    0.000568789    2.783385515
    0.003234845    2.783385515
    0.000566353    2.796982527
    0.003262731    2.796982527
    0.000563927    2.810646057
    0.003290859    2.810646057
    0.000561512    2.824376345
    0.003319229    2.824376345
    0.000559107    2.838173628
    0.003362243    2.838173628
    0.000556713    2.852038383
    0.003391228    2.852038383
    0.000556713    2.865970850
    0.003420463    2.865970850
    0.000554328    2.879971266
    0.003449950    2.879971266
    0.000551954    2.894040108
    0.003479691    2.894040108
    0.000551954    2.908177853
    0.003509689    2.908177853
    0.000549590    2.922384501
    0.003524784    2.922384501
    0.000549590    2.936660528
    0.003555171    2.936660528
    0.000547237    2.951006413
    0.003585819    2.951006413
    0.000544893    2.965422392
    0.003616732    2.965422392
    0.000544893    2.979908705
    0.003647911    2.979908705
    0.000542559    2.994465828
    0.003679359    2.994465828
    0.000542559    3.009094238
    0.003711078    3.009094238
    0.000542559    3.023793936
    0.003743070    3.023793936
    0.000542559    3.038565397
    0.003759170    3.038565397
    0.000540236    3.053409100
    0.003791577    3.053409100
    0.000540236    3.068325281
    0.003807885    3.068325281
    0.000540236    3.083314419
    0.003840712    3.083314419
    0.000540236    3.098376513
    0.003873822    3.098376513
    0.000537922    3.113512516
    0.003890484    3.113512516
    0.000537922    3.128722191
    0.003924022    3.128722191
    0.000537922    3.144006252
    0.003940900    3.144006252
    0.000537922    3.159365177
    0.003974874    3.159365177
    0.000537922    3.174798727
    0.003991971    3.174798727
    0.000537922    3.190308094
    0.004009141    3.190308094
    0.000537922    3.205893040
    0.004043703    3.205893040
    0.000537922    3.221554041
    0.004061095    3.221554041
    0.000537922    3.237291574
    0.004096105    3.237291574
    0.000537922    3.253106117
    0.004113723    3.253106117
    0.000537922    3.268997669
    0.004131417    3.268997669
    0.000537922    3.284967184
    0.004167033    3.284967184
    0.000537922    3.301014423
    0.004184956    3.301014423
    0.000540236    3.317140341
    0.004202956    3.317140341
    0.000540236    3.333344698
    0.004239189    3.333344698
    0.000540236    3.349628448
    0.004257422    3.349628448
    0.000540236    3.365991592
    0.004275734    3.365991592
    0.000542559    3.382434845
    0.004294124    3.382434845
    0.000542559    3.398958445
    0.004331143    3.398958445
    0.000542559    3.415562630
    0.004349772    3.415562630
    0.000542559    3.432247877
    0.004368481    3.432247877
    0.000542559    3.449014664
    0.004406141    3.449014664
    0.000544893    3.465863466
    0.004425092    3.465863466
    0.000544893    3.482794523
    0.004444125    3.482794523
    0.000544893    3.499808311
    0.004463240    3.499808311
    0.000547237    3.516905069
    0.004482436    3.516905069
    0.000547237    3.534085512
    0.004521079    3.534085512
    0.000549590    3.551349878
    0.004540524    3.551349878
    0.000549590    3.568698645
    0.004560054    3.568698645
    0.000551954    3.586132050
    0.004579667    3.586132050
    0.000551954    3.603650570
    0.004599365    3.603650570
    0.000551954    3.621254683
    0.004619148    3.621254683
    0.000554328    3.638944864
    0.004658969    3.638944864
    0.000554328    3.656721354
    0.004679007    3.656721354
    0.000556713    3.674584866
    0.004699132    3.674584866
    0.000559107    3.692535639
    0.004719344    3.692535639
    0.000559107    3.710573912
    0.004739643    3.710573912
    0.000561512    3.728700399
    0.004760028    3.728700399
    0.000563927    3.746915340
    0.004780502    3.746915340
    0.000563927    3.765219450
    0.004801064    3.765219450
    0.000566353    3.783612967
    0.004821714    3.783612967
    0.000568789    3.802096128
    0.004842453    3.802096128
    0.000568789    3.820669651
    0.004863281    3.820669651
    0.000571235    3.839334011
    0.004863281    3.839334011
    0.000573692    3.858089447
    0.004884198    3.858089447
    0.000576159    3.876936674
    0.004905206    3.876936674
    0.000578638    3.895875692
    0.004905206    3.895875692
    0.000581126    3.914907455
    0.004926304    3.914907455
    0.000583626    3.934032202
    0.004947493    3.934032202
    0.000586136    3.953250170
    0.004947493    3.953250170
    0.000588657    3.972562313
    0.004968773    3.972562313
    0.000591189    3.991968632
    0.004990144    3.991968632
    0.000591189    4.011469841
    0.005011607    4.011469841
    0.000596286    4.031065941
    0.005011607    4.031065941
    0.000598850    4.050758362
    0.005011607    4.050758362
    0.000601426    4.070546627
    0.005011607    4.070546627
    0.000606611    4.090431213
    0.005011607    4.090431213
    0.000609220    4.110413551
    0.005033163    4.110413551
    0.000611840    4.130493164
    0.005033163    4.130493164
    0.000614472    4.150671005
    0.005033163    4.150671005
    0.000619769    4.170947552
    0.005033163    4.170947552
    0.000622435    4.191322803
    0.005033163    4.191322803
    0.000625112    4.211797714
    0.005054811    4.211797714
    0.000630501    4.232372761
    0.005033163    4.232372761
    0.000635936    4.253048420
    0.005033163    4.253048420
    0.000641419    4.273824692
    0.005011607    4.273824692
    0.000644178    4.294703007
    0.005011607    4.294703007
    0.000649731    4.315682888
    0.004990144    4.315682888
    0.000655332    4.336765289
    0.004990144    4.336765289
    0.000658151    4.357950687
    0.004968773    4.357950687
    0.000663824    4.379240036
    0.004968773    4.379240036
    0.000669547    4.400632858
    0.004968773    4.400632858
    0.000672427    4.422130108
    0.004947493    4.422130108
    0.000678224    4.443732738
    0.004926304    4.443732738
    0.000687013    4.465440750
    0.004905206    4.465440750
    0.000692936    4.487255096
    0.004863281    4.487255096
    0.000698909    4.509175777
    0.004842453    4.509175777
    0.000704934    4.531203270
    0.004821714    4.531203270
    0.000711011    4.553338528
    0.004780502    4.553338528
    0.000720225    4.575582027
    0.004760028    4.575582027
    0.000726434    4.597934246
    0.004739643    4.597934246
    0.000732697    4.620395660
    0.004699132    4.620395660
    0.000742192    4.642966747
    0.004679007    4.642966747
    0.000748590    4.665647984
    0.004639016    4.665647984
    0.000758291    4.688440323
    0.004599365    4.688440323
    0.000768118    4.711343765
    0.004560054    4.711343765
    0.000774740    4.734359264
    0.004521079    4.734359264
    0.000784779    4.757486820
    0.004463240    4.757486820
    0.000794949    4.780727386
    0.004425092    4.780727386
    0.000805251    4.804081917
    0.004387270    4.804081917
    0.000815686    4.827550411
    0.004331143    4.827550411
    0.000826257    4.851133347
    0.004294124    4.851133347
    0.000836964    4.874831676
    0.004257422    4.874831676
    0.000847811    4.898645401
    0.004202956    4.898645401
    0.000858797    4.922575951
    0.004149186    4.922575951
    0.000869927    4.946622849
    0.004113723    4.946622849
    0.000881200    4.970787525
    0.004061095    4.970787525
    0.000892619    4.995070457
    0.004009141    4.995070457
    0.000908076    5.019471645
    0.003957851    5.019471645
    0.000919844    5.043992519
    0.003924022    5.043992519
    0.000931764    5.068632603
    0.003873822    5.068632603
    0.000947898    5.093393326
    0.003807885    5.093393326
    0.000964312    5.118275166
    0.003759170    5.118275166
    0.000976808    5.143278599
    0.003711078    5.143278599
    0.000989467    5.168403625
    0.003663601    5.168403625
    0.001002289    5.193651676
    0.003616732    5.193651676
    0.001015278    5.219023228
    0.003570462    5.219023228
    0.001028435    5.244518757
    0.003524784    5.244518757
    0.001041763    5.270138741
    0.003479691    5.270138741
    0.001059802    5.295883656
    0.003435175    5.295883656
    0.001073536    5.321754456
    0.003376704    5.321754456
    0.001092125    5.347751617
    0.003333505    5.347751617
    0.001111036    5.373876095
    0.003276765    5.373876095
    0.001120614    5.400127888
    0.003234845    5.400127888
    0.001135136    5.426507950
    0.003207196    5.426507950
    0.001144922    5.453016758
    0.003166166    5.453016758
    0.001159759    5.479655266
    0.003125660    5.479655266
    0.001174788    5.506423950
    0.003098945    5.506423950
    0.001184916    5.533323288
    0.003059299    5.533323288
    0.001200271    5.560354233
    0.003020161    5.560354233
    0.001215825    5.587516785
    0.002968754    5.587516785
    0.001231581    5.614812374
    0.002930775    5.614812374
    0.001252907    5.642241478
    0.002880889    5.642241478
    0.001258296    5.669804096
    0.002856266    5.669804096
    0.001269144    5.697501659
    0.002831853    5.697501659
    0.001274602    5.725334644
    0.002807649    5.725334644
    0.001285591    5.753303528
    0.002783652    5.753303528
    0.001291120    5.781408787
    0.002759860    5.781408787
    0.001302251    5.809651375
    0.002736271    5.809651375
    0.001313477    5.838032246
    0.002701265    5.838032246
    0.001324800    5.866551399
    0.002678177    5.866551399
    0.001330498    5.895209789
    0.002655287    5.895209789
    0.001341968    5.924008369
    0.002621317    5.924008369
    0.001347740    5.952947617
    0.002610091    5.952947617
    0.001347740    5.982028484
    0.002598912    5.982028484
    0.001347740    6.011250973
    0.002587782    6.011250973
    0.001347740    6.040616512
    0.002576699    6.040616512
    0.001353537    6.070125580
    0.002565664    6.070125580
    0.001353537    6.099778652
    0.002554676    6.099778652
    0.001353537    6.129576683
    0.002532841    6.129576683
    0.001353537    6.159520149
    0.002521993    6.159520149
    0.001359359    6.189610004
    0.002511192    6.189610004
    0.001359359    6.219846725
    0.002500438    6.219846725
    0.001353537    6.250231266
    0.002489729    6.250231266
    0.001347740    6.280764103
    0.002489729    6.280764103
    0.001341968    6.311446190
    0.002479066    6.311446190
    0.001336221    6.342278481
    0.002479066    6.342278481
    0.001330498    6.373260975
    0.002479066    6.373260975
    0.001324800    6.404395103
    0.002468449    6.404395103
    0.001319126    6.435680866
    0.002468449    6.435680866
    0.001307852    6.467119694
    0.002457877    6.467119694
    0.001302251    6.498712063
    0.002457877    6.498712063
    0.001296673    6.530458927
    0.002457877    6.530458927
    0.001285591    6.562360764
    0.002457877    6.562360764
    0.001274602    6.594418526
    0.002457877    6.594418526
    0.001263708    6.626633167
    0.002457877    6.626633167
    0.001252907    6.659004688
    0.002468449    6.659004688
    0.001236879    6.691534519
    0.002468449    6.691534519
    0.001226307    6.724223137
    0.002468449    6.724223137
    0.001215825    6.757071495
    0.002468449    6.757071495
    0.001205434    6.790080547
    0.002479066    6.790080547
    0.001195131    6.823250771
    0.002479066    6.823250771
    0.001184916    6.856583118
    0.002479066    6.856583118
    0.001169757    6.890078068
    0.002489729    6.890078068
    0.001154792    6.923736572
    0.002500438    6.923736572
    0.001140018    6.957559586
    0.002511192    6.957559586
    0.001125434    6.991548061
    0.002521993    6.991548061
    0.001111036    7.025702477
    0.002532841    7.025702477
    0.001101540    7.060023785
    0.002543735    7.060023785
    0.001087448    7.094512463
    0.002554676    7.094512463
    0.001073536    7.129169941
    0.002565664    7.129169941
    0.001064360    7.163996696
    0.002576699    7.163996696
    0.001050743    7.198993206
    0.002576699    7.198993206
    0.001037301    7.234160900
    0.002598912    7.234160900
    0.001024031    7.269500732
    0.002621317    7.269500732
    0.001010930    7.305012703
    0.002643915    7.305012703
    0.000993723    7.340698242
    0.002666707    7.340698242
    0.000981010    7.376558304
    0.002678177    7.376558304
    0.000968460    7.412593365
    0.002701265    7.412593365
    0.000956070    7.448804855
    0.002724552    7.448804855
    0.000943839    7.485192776
    0.002736271    7.485192776
    0.000931764    7.521758556
    0.002759860    7.521758556
    0.000919844    7.558503151
    0.002771730    7.558503151
    0.000908076    7.595427036
    0.002807649    7.595427036
    0.000896459    7.632531166
    0.002831853    7.632531166
    0.000881200    7.669816971
    0.002868552    7.669816971
    0.000869927    7.707284927
    0.002893280    7.707284927
    0.000858797    7.744935513
    0.002930775    7.744935513
    0.000847811    7.782770157
    0.002956040    7.782770157
    0.000836964    7.820789814
    0.002981524    7.820789814
    0.000826257    7.858994961
    0.003020161    7.858994961
    0.000815686    7.897387028
    0.003046197    7.897387028
    0.000805251    7.935966492
    0.003072458    7.935966492
    0.000794949    7.974734306
    0.003098945    7.974734306
    0.000784779    8.013691902
    0.003139104    8.013691902
    0.000774740    8.052839279
    0.003166166    8.052839279
    0.000764828    8.092178345
    0.003207196    8.092178345
    0.000755044    8.131709099
    0.003234845    8.131709099
    0.000748590    8.171433449
    0.003262731    8.171433449
    0.000739013    8.211351395
    0.003305013    8.211351395
    0.000729559    8.251464844
    0.003333505    8.251464844
    0.000720225    8.291773796
    0.003362243    8.291773796
    0.000714070    8.332279205
    0.003391228    8.332279205
    0.000707966    8.372982979
    0.003420463    8.372982979
    0.000701915    8.413886070
    0.003449950    8.413886070
    0.000695916    8.454988480
    0.003479691    8.454988480
    0.000689968    8.496292114
    0.003509689    8.496292114
    0.000684071    8.537796974
    0.003539945    8.537796974
    0.000678224    8.579504967
    0.003570462    8.579504967
    0.000672427    8.621417046
    0.003601242    8.621417046
    0.000666680    8.663533211
    0.003632288    8.663533211
    0.000660982    8.705855370
    0.003663601    8.705855370
    0.000655332    8.748384476
    0.003679359    8.748384476
    0.000652525    8.791120529
    0.003711078    8.791120529
    0.000649731    8.834066391
    0.003727040    8.834066391
    0.000646948    8.877222061
    0.003759170    8.877222061
    0.000646948    8.920587540
    0.003775338    8.920587540
    0.000644178    8.964165688
    0.003807885    8.964165688
    0.000644178    9.007956505
    0.003824263    9.007956505
    0.000641419    9.051960945
    0.003857231    9.051960945
    0.000638672    9.096180916
    0.003873822    9.096180916
    0.000638672    9.140616417
    0.003890484    9.140616417
    0.000635936    9.185269356
    0.003924022    9.185269356
    0.000635936    9.230139732
    0.003940900    9.230139732
    0.000638672    9.275230408
    0.003957851    9.275230408
    0.000638672    9.320540428
    0.003974874    9.320540428
    0.000641419    9.366071701
    0.003991971    9.366071701
    0.000641419    9.411826134
    0.004026385    9.411826134
    0.000641419    9.457803726
    0.004043703    9.457803726
    0.000644178    9.504005432
    0.004061095    9.504005432
    0.000644178    9.550434113
    0.004078562    9.550434113
    0.000646948    9.597088814
    0.004113723    9.597088814
    0.000646948    9.643970490
    0.004131417    9.643970490
    0.000649731    9.691082954
    0.004131417    9.691082954
    0.000652525    9.738424301
    0.004149186    9.738424301
    0.000655332    9.785997391
    0.004167033    9.785997391
    0.000658151    9.833803177
    0.004167033    9.833803177
    0.000660982    9.881841660
    0.004184956    9.881841660
    0.000663824    9.930115700
    0.004202956    9.930115700
    0.000666680    9.978625298
    0.004202956    9.978625298
    0.000669547   10.027371407
    0.004221033   10.027371407
    0.000672427   10.076355934
    0.004239189   10.076355934
    0.000675319   10.125579834
    0.004239189   10.125579834
    0.000678224   10.175044060
    0.004257422   10.175044060
    0.000684071   10.224750519
    0.004257422   10.224750519
    0.000687013   10.274699211
    0.004257422   10.274699211
    0.000689968   10.324892044
    0.004257422   10.324892044
    0.000695916   10.375329971
    0.004275734   10.375329971
    0.000698909   10.426013947
    0.004275734   10.426013947
    0.000701915   10.476945877
    0.004275734   10.476945877
    0.000707966   10.528126717
    0.004275734   10.528126717
    0.000711011   10.579558372
    0.004294124   10.579558372
    0.000714070   10.631239891
    0.004294124   10.631239891
    0.000717141   10.683174133
    0.004312594   10.683174133
    0.000717141   10.735363007
    0.004331143   10.735363007
    0.000720225   10.787805557
    0.004331143   10.787805557
    0.000720225   10.840505600
    0.004349772   10.840505600
    0.000723323   10.893462181
    0.004368481   10.893462181
    0.000726434   10.946678162
    0.004387270   10.946678162
    0.000726434   11.000153542
    0.004406141   11.000153542
    0.000729559   11.053890228
    0.004425092   11.053890228
    0.000729559   11.107889175
    0.004444125   11.107889175
    0.000732697   11.162152290
    0.004463240   11.162152290
    0.000732697   11.216680527
    0.004482436   11.216680527
    0.000732697   11.271474838
    0.004501716   11.271474838
    0.000732697   11.326537132
    0.004501716   11.326537132
    0.000732697   11.381868362
    0.004521079   11.381868362
    0.000732697   11.437469482
    0.004540524   11.437469482
    0.000735848   11.493342400
    0.004540524   11.493342400
    0.000735848   11.549489021
    0.004560054   11.549489021
    0.000735848   11.605908394
    0.004579667   11.605908394
    0.000735848   11.662604332
    0.004599365   11.662604332
    0.000735848   11.719577789
    0.004619148   11.719577789
    0.000739013   11.776828766
    0.004599365   11.776828766
    0.000742192   11.834360123
    0.004579667   11.834360123
    0.000745384   11.892171860
    0.004579667   11.892171860
    0.000745384   11.950265884
    0.004560054   11.950265884
    0.000748590   12.008644104
    0.004560054   12.008644104
    0.000751810   12.067307472
    0.004540524   12.067307472
    0.000755044   12.126256943
    0.004521079   12.126256943
    0.000758291   12.185495377
    0.004521079   12.185495377
    0.000758291   12.245022774
    0.004501716   12.245022774
    0.000761553   12.304841042
    0.004482436   12.304841042
    0.000761553   12.364951134
    0.004482436   12.364951134
    0.000761553   12.425354958
    0.004463240   12.425354958
    0.000761553   12.486054420
    0.004444125   12.486054420
    0.000761553   12.547049522
    0.004425092   12.547049522
    0.000758291   12.608343124
    0.004406141   12.608343124
    0.000758291   12.669936180
    0.004387270   12.669936180
    0.000758291   12.731829643
    0.004368481   12.731829643
    0.000758291   12.794025421
    0.004349772   12.794025421
    0.000758291   12.856525421
    0.004349772   12.856525421
    0.000758291   12.919330597
    0.004331143   12.919330597
    0.000758291   12.982442856
    0.004312594   12.982442856
    0.000758291   13.045863152
    0.004294124   13.045863152
    0.000758291   13.109593391
    0.004294124   13.109593391
    0.000758291   13.173635483
    0.004275734   13.173635483
    0.000758291   13.237989426
    0.004257422   13.237989426
    0.000758291   13.302658081
    0.004239189   13.302658081
    0.000758291   13.367643356
    0.004239189   13.367643356
    0.000758291   13.432945251
    0.004221033   13.432945251
    0.000758291   13.498566628
    0.004202956   13.498566628
    0.000758291   13.564508438
    0.004184956   13.564508438
    0.000758291   13.630771637
    0.004184956   13.630771637
    0.000761553   13.697359085
    0.004167033   13.697359085
    0.000764828   13.764272690
    0.004167033   13.764272690
    0.000764828   13.831512451
    0.004167033   13.831512451
    0.000768118   13.899080276
    0.004149186   13.899080276
    0.000771422   13.966978073
    0.004149186   13.966978073
    0.000774740   14.035208702
    0.004149186   14.035208702
    0.000774740   14.103771210
    0.004131417   14.103771210
    0.000778072   14.172669411
    0.004131417   14.172669411
    0.000781418   14.241904259
    0.004113723   14.241904259
    0.000781418   14.311477661
    0.004131417   14.311477661
    0.000781418   14.381390572
    0.004131417   14.381390572
    0.000781418   14.451644897
    0.004131417   14.451644897
    0.000781418   14.522242546
    0.004149186   14.522242546
    0.000781418   14.593184471
    0.004149186   14.593184471
    0.000781418   14.664473534
    0.004149186   14.664473534
    0.000781418   14.736110687
    0.004167033   14.736110687
    0.000781418   14.808097839
    0.004167033   14.808097839
    0.000778072   14.880436897
    0.004184956   14.880436897
    0.000778072   14.953128815
    0.004184956   14.953128815
    0.000778072   15.026176453
    0.004202956   15.026176453
    0.000774740   15.099580765
    0.004221033   15.099580765
    0.000771422   15.173343658
    0.004221033   15.173343658
    0.000771422   15.247467041
    0.004239189   15.247467041
    0.000768118   15.321951866
    0.004257422   15.321951866
    0.000764828   15.396800995
    0.004275734   15.396800995
    0.000761553   15.472015381
    0.004294124   15.472015381
    0.000761553   15.547597885
    0.004312594   15.547597885
    0.000758291   15.623549461
    0.004312594   15.623549461
    0.000755044   15.699871063
    0.004331143   15.699871063
    0.000758291   15.776566505
    0.004331143   15.776566505
    0.000758291   15.853636742
    0.004312594   15.853636742
    0.000761553   15.931082726
    0.004312594   15.931082726
    0.000761553   16.008907318
    0.004312594   16.008907318
    0.000764828   16.087112427
    0.004294124   16.087112427
    0.000764828   16.165699005
    0.004294124   16.165699005
    0.000764828   16.244670868
    0.004294124   16.244670868
    0.000768118   16.324028015
    0.004275734   16.324028015
    0.000768118   16.403772354
    0.004275734   16.403772354
    0.000771422   16.483905792
    0.004257422   16.483905792
    0.000771422   16.564430237
    0.004275734   16.564430237
    0.000768118   16.645349503
    0.004275734   16.645349503
    0.000768118   16.726663589
    0.004294124   16.726663589
    0.000768118   16.808374405
    0.004294124   16.808374405
    0.000764828   16.890485764
    0.004294124   16.890485764
    0.000764828   16.972997665
    0.004312594   16.972997665
    0.000764828   17.055912018
    0.004312594   17.055912018
    0.000761553   17.139232635
    0.004331143   17.139232635
    0.000761553   17.222957611
    0.004331143   17.222957611
    0.000761553   17.307094574
    0.004331143   17.307094574
    0.000758291   17.391641617
    0.004349772   17.391641617
    0.000758291   17.476600647
    0.004387270   17.476600647
    0.000755044   17.561975479
    0.004406141   17.561975479
    0.000755044   17.647768021
    0.004425092   17.647768021
    0.000751810   17.733978271
    0.004444125   17.733978271
    0.000751810   17.820610046
    0.004463240   17.820610046
    0.000751810   17.907665253
    0.004482436   17.907665253
    0.000748590   17.995145798
    0.004521079   17.995145798
    0.000748590   18.083053589
    0.004540524   18.083053589
    0.000745384   18.171390533
    0.004560054   18.171390533
    0.000748590   18.260160446
    0.004560054   18.260160446
    0.000751810   18.349361420
    0.004579667   18.349361420
    0.000755044   18.439001083
    0.004579667   18.439001083
    0.000758291   18.529075623
    0.004599365   18.529075623
    0.000758291   18.619592667
    0.004599365   18.619592667
    0.000761553   18.710550308
    0.004619148   18.710550308
    0.000764828   18.801954269
    0.004639016   18.801954269
    0.000768118   18.893802643
    0.004639016   18.893802643
    0.000768118   18.986101151
    0.004658969   18.986101151
    0.000771422   19.078849792
    0.004658969   19.078849792
    0.000774740   19.172052383
    0.004639016   19.172052383
    0.000778072   19.265708923
    0.004639016   19.265708923
    0.000781418   19.359823227
    0.004619148   19.359823227
    0.000784779   19.454397202
    0.004599365   19.454397202
    0.000788155   19.549434662
    0.004579667   19.549434662
    0.000791545   19.644935608
    0.004560054   19.644935608
    0.000794949   19.740901947
    0.004540524   19.740901947
    0.000798369   19.837339401
    0.004521079   19.837339401
    0.000801802   19.934246063
    0.004501716   19.934246063
    0.000805251   20.031625748
    0.004482436   20.031625748
    0.000805251   20.129482269
    0.004482436   20.129482269
    0.000805251   20.227817535
    0.004482436   20.227817535
    0.000805251   20.326631546
    0.004482436   20.326631546
    0.000805251   20.425928116
    0.004482436   20.425928116
    0.000805251   20.525711060
    0.004482436   20.525711060
    0.000805251   20.625980377
    0.004482436   20.625980377
    0.000805251   20.726741791
    0.004482436   20.726741791
    0.000805251   20.827993393
    0.004482436   20.827993393
    0.000805251   20.929738998
    0.004482436   20.929738998
    0.000805251   21.031984329
    0.004482436   21.031984329
    0.000805251   21.134727478
    0.004482436   21.134727478
    0.000801802   21.237972260
    0.004501716   21.237972260
    0.000801802   21.341720581
    0.004501716   21.341720581
    0.000798369   21.445978165
    0.004501716   21.445978165
    0.000794949   21.550743103
    0.004501716   21.550743103
    0.000794949   21.656021118
    0.004501716   21.656021118
    0.000791545   21.761812210
    0.004521079   21.761812210
    0.000791545   21.868120193
    0.004521079   21.868120193
    0.000788155   21.974946976
    0.004521079   21.974946976
    0.000788155   22.082298279
    0.004521079   22.082298279
    0.000784779   22.190172195
    0.004521079   22.190172195
    0.000784779   22.298572540
    0.004521079   22.298572540
    0.000784779   22.407503128
    0.004521079   22.407503128
    0.000784779   22.516965866
    0.004521079   22.516965866
    0.000781418   22.626962662
    0.004521079   22.626962662
    0.000781418   22.737497330
    0.004521079   22.737497330
    0.000781418   22.848571777
    0.004521079   22.848571777
    0.000781418   22.960189819
    0.004521079   22.960189819
    0.000778072   23.072351456
    0.004521079   23.072351456
    0.000778072   23.185062408
    0.004521079   23.185062408
    0.000778072   23.298322678
    0.004540524   23.298322678
    0.000778072   23.412137985
    0.004540524   23.412137985
    0.000778072   23.526508331
    0.004560054   23.526508331
    0.000774740   23.641437531
    0.004579667   23.641437531
    0.000774740   23.756927490
    0.004599365   23.756927490
    0.000774740   23.872982025
    0.004599365   23.872982025
    0.000774740   23.989604950
    0.004619148   23.989604950
    0.000771422   24.106796265
    0.004639016   24.106796265
    0.000771422   24.224559784
    0.004658969   24.224559784
    0.000771422   24.342899323
    0.004679007   24.342899323
    0.000774740   24.461816788
    0.004639016   24.461816788
    0.000778072   24.581314087
    0.004619148   24.581314087
    0.000784779   24.701396942
    0.004599365   24.701396942
    0.000788155   24.822065353
    0.004560054   24.822065353
    0.000791545   24.943323135
    0.004540524   24.943323135
    0.000798369   25.065174103
    0.004521079   25.065174103
    0.000801802   25.187618256
    0.004482436   25.187618256
    0.000805251   25.310663223
    0.004463240   25.310663223
    0.000812193   25.434307098
    0.004444125   25.434307098
    0.000815686   25.558555603
    0.004406141   25.558555603
    0.000815686   25.683412552
    0.004425092   25.683412552
    0.000812193   25.808877945
    0.004444125   25.808877945
    0.000808715   25.934957504
    0.004482436   25.934957504
    0.000808715   26.061651230
    0.004501716   26.061651230
    0.000805251   26.188964844
    0.004521079   26.188964844
    0.000801802   26.316900253
    0.004540524   26.316900253
    0.000801802   26.445461273
    0.004560054   26.445461273
    0.000798369   26.574649811
    0.004579667   26.574649811
    0.000798369   26.704467773
    0.004619148   26.704467773
    0.000794949   26.834922791
    0.004639016   26.834922791
    0.000794949   26.966012955
    0.004619148   26.966012955
    0.000794949   27.097743988
    0.004619148   27.097743988
    0.000794949   27.230119705
    0.004599365   27.230119705
    0.000794949   27.363142014
    0.004599365   27.363142014
    0.000794949   27.496812820
    0.004579667   27.496812820
    0.000794949   27.631137848
    0.004579667   27.631137848
    0.000794949   27.766117096
    0.004560054   27.766117096
    0.000794949   27.901758194
    0.004560054   27.901758194
    0.000794949   28.038059235
    0.004540524   28.038059235
    0.000794949   28.175027847
    0.004540524   28.175027847
    0.000791545   28.312665939
    0.004540524   28.312665939
    0.000791545   28.450975418
    0.004560054   28.450975418
    0.000788155   28.589962006
    0.004560054   28.589962006
    0.000788155   28.729625702
    0.004560054   28.729625702
    0.000784779   28.869972229
    0.004560054   28.869972229
    0.000784779   29.011005402
    0.004579667   29.011005402
    0.000781418   29.152725220
    0.004579667   29.152725220
    0.000781418   29.295139313
    0.004579667   29.295139313
    0.000778072   29.438249588
    0.004599365   29.438249588
    0.000778072   29.582057953
    0.004599365   29.582057953
    0.000778072   29.726568222
    0.004619148   29.726568222
    0.000778072   29.871786118
    0.004619148   29.871786118
    0.000778072   30.017711639
    0.004639016   30.017711639
    0.000778072   30.164350510
    0.004639016   30.164350510
    0.000778072   30.311706543
    0.004658969   30.311706543
    0.000778072   30.459781647
    0.004658969   30.459781647
    0.000778072   30.608581543
    0.004679007   30.608581543
    0.000778072   30.758106232
    0.004679007   30.758106232
    0.000781418   30.908363342
    0.004699132   30.908363342
    0.000781418   31.059352875
    0.004699132   31.059352875
    0.000781418   31.211080551
    0.004679007   31.211080551
    0.000784779   31.363548279
    0.004658969   31.363548279
    0.000788155   31.516763687
    0.004639016   31.516763687
    0.000791545   31.670724869
    0.004599365   31.670724869
    0.000791545   31.825439453
    0.004579667   31.825439453
    0.000794949   31.980909348
    0.004560054   31.980909348
    0.000798369   32.137138367
    0.004540524   32.137138367
    0.000801802   32.294132233
    0.004501716   32.294132233
    0.000801802   32.451892853
    0.004482436   32.451892853
    0.000805251   32.610424042
    0.004463240   32.610424042
    0.000805251   32.769729614
    0.004482436   32.769729614
    0.000801802   32.929809570
    0.004501716   32.929809570
    0.000801802   33.090675354
    0.004521079   33.090675354
    0.000798369   33.252326965
    0.004540524   33.252326965
    0.000798369   33.414768219
    0.004579667   33.414768219
    0.000794949   33.578002930
    0.004599365   33.578002930
    0.000791545   33.742034912
    0.004619148   33.742034912
    0.000791545   33.906864166
    0.004639016   33.906864166
    0.000788155   34.072502136
    0.004679007   34.072502136
    0.000788155   34.238948822
    0.004699132   34.238948822
    0.000788155   34.406211853
    0.004679007   34.406211853
    0.000784779   34.574287415
    0.004658969   34.574287415
    0.000784779   34.743186951
    0.004639016   34.743186951
    0.000784779   34.912910461
    0.004619148   34.912910461
    0.000784779   35.083461761
    0.004599365   35.083461761
    0.000784779   35.254848480
    0.004579667   35.254848480
    0.000781418   35.427070618
    0.004560054   35.427070618
    0.000781418   35.600135803
    0.004540524   35.600135803
    0.000781418   35.774044037
    0.004521079   35.774044037
    0.000781418   35.948802948
    0.004501716   35.948802948
    0.000781418   36.124416351
    0.004521079   36.124416351
    0.000781418   36.300888062
    0.004540524   36.300888062
    0.000781418   36.478221893
    0.004560054   36.478221893
    0.000781418   36.656421661
    0.004579667   36.656421661
    0.000781418   36.835491180
    0.004599365   36.835491180
    0.000781418   37.015434265
    0.004619148   37.015434265
    0.000781418   37.196258545
    0.004639016   37.196258545
    0.000781418   37.377967834
    0.004679007   37.377967834
    0.000781418   37.560562134
    0.004699132   37.560562134
    0.000781418   37.744049072
    0.004719344   37.744049072
    0.000784779   37.928432465
    0.004699132   37.928432465
    0.000788155   38.113716125
    0.004658969   38.113716125
    0.000791545   38.299903870
    0.004639016   38.299903870
    0.000794949   38.487003326
    0.004599365   38.487003326
    0.000798369   38.675014496
    0.004579667   38.675014496
    0.000801802   38.863945007
    0.004540524   38.863945007
    0.000805251   39.053798676
    0.004521079   39.053798676
    0.000812193   39.244579315
    0.004501716   39.244579315
    0.000815686   39.436294556
    0.004463240   39.436294556
    0.000819195   39.628944397
    0.004425092   39.628944397
    0.000815686   39.822536469
    0.004444125   39.822536469
    0.000808715   40.017070770
    0.004482436   40.017070770
    0.000801802   40.212558746
    0.004501716   40.212558746
    0.000798369   40.409000397
    0.004521079   40.409000397
    0.000791545   40.606403351
    0.004540524   40.606403351
    0.000788155   40.804767609
    0.004560054   40.804767609
    0.000781418   41.004104614
    0.004579667   41.004104614
    0.000778072   41.204414368
    0.004599365   41.204414368
    0.000771422   41.405700684
    0.004619148   41.405700684
    0.000764828   41.607971191
    0.004639016   41.607971191
    0.000768118   41.811229706
    0.004639016   41.811229706
    0.000771422   42.015480042
    0.004639016   42.015480042
    0.000774740   42.220729828
    0.004639016   42.220729828
    0.000778072   42.426982880
    0.004639016   42.426982880
    0.000781418   42.634243011
    0.004639016   42.634243011
    0.000784779   42.842514038
    0.004639016   42.842514038
    0.000784779   43.051803589
    0.004639016   43.051803589
    0.000788155   43.262115479
    0.004639016   43.262115479
    0.000791545   43.473453522
    0.004639016   43.473453522
    0.000794949   43.685825348
    0.004639016   43.685825348
    0.000798369   43.899234772
    0.004619148   43.899234772
    0.000801802   44.113685608
    0.004579667   44.113685608
    0.000805251   44.329185486
    0.004560054   44.329185486
    0.000805251   44.545738220
    0.004540524   44.545738220
    0.000808715   44.763347626
    0.004501716   44.763347626
    0.000812193   44.982021332
    0.004482436   44.982021332
    0.000815686   45.201763153
    0.004463240   45.201763153
    0.000819195   45.422576904
    0.004425092   45.422576904
    0.000819195   45.644470215
    0.004406141   45.644470215
    0.000822718   45.867446899
    0.004368481   45.867446899
    0.000819195   46.091514587
    0.004406141   46.091514587
    0.000812193   46.316673279
    0.004444125   46.316673279
    0.000808715   46.542934418
    0.004482436   46.542934418
    0.000801802   46.770301819
    0.004521079   46.770301819
    0.000798369   46.998779297
    0.004579667   46.998779297
    0.000791545   47.228374481
    0.004619148   47.228374481
    0.000788155   47.459087372
    0.004658969   47.459087372
    0.000781418   47.690929413
    0.004699132   47.690929413
    0.000778072   47.923904419
    0.004739643   47.923904419
    0.000774740   48.158016205
    0.004780502   48.158016205
    0.000774740   48.393272400
    0.004760028   48.393272400
    0.000781418   48.629680634
    0.004739643   48.629680634
    0.000784779   48.867240906
    0.004719344   48.867240906
    0.000788155   49.105960846
    0.004699132   49.105960846
    0.000791545   49.345848083
    0.004699132   49.345848083
    0.000794949   49.586906433
    0.004679007   49.586906433
    0.000798369   49.829143524
    0.004658969   49.829143524
    0.000805251   50.072563171
    0.004639016   50.072563171
    0.000808715   50.317173004
    0.004619148   50.317173004
    0.000812193   50.562976837
    0.004579667   50.562976837
    0.000812193   50.809978485
    0.004599365   50.809978485
    0.000808715   51.058189392
    0.004599365   51.058189392
    0.000805251   51.307613373
    0.004619148   51.307613373
    0.000801802   51.558258057
    0.004639016   51.558258057
    0.000798369   51.810123444
    0.004639016   51.810123444
    0.000794949   52.063220978
    0.004658969   52.063220978
    0.000791545   52.317554474
    0.004658969   52.317554474
    0.000788155   52.573127747
    0.004679007   52.573127747
    0.000784779   52.829952240
    0.004679007   52.829952240
    0.000781418   53.088031769
    0.004699132   53.088031769
    0.000788155   53.347370148
    0.004679007   53.347370148
    0.000791545   53.607978821
    0.004658969   53.607978821
    0.000798369   53.869857788
    0.004639016   53.869857788
    0.000805251   54.133018494
    0.004599365   54.133018494
    0.000808715   54.397460938
    0.004579667   54.397460938
    0.000815686   54.663196564
    0.004560054   54.663196564
    0.000822718   54.930233002
    0.004540524   54.930233002
    0.000826257   55.198570251
    0.004521079   55.198570251
    0.000833380   55.468219757
    0.004482436   55.468219757
    0.000840564   55.739189148
    0.004463240   55.739189148
    0.000836964   56.011478424
    0.004463240   56.011478424
    0.000836964   56.285099030
    0.004482436   56.285099030
    0.000836964   56.560058594
    0.004482436   56.560058594
    0.000833380   56.836360931
    0.004482436   56.836360931
    0.000833380   57.114009857
    0.004482436   57.114009857
    0.000829811   57.393016815
    0.004501716   57.393016815
    0.000829811   57.673385620
    0.004501716   57.673385620
    0.000826257   57.955127716
    0.004501716   57.955127716
    0.000826257   58.238243103
    0.004501716   58.238243103
    0.000822718   58.522743225
    0.004521079   58.522743225
    0.000822718   58.808631897
    0.004521079   58.808631897
    0.000822718   59.095916748
    0.004521079   59.095916748
    0.000826257   59.384605408
    0.004540524   59.384605408
    0.000826257   59.674705505
    0.004540524   59.674705505
    0.000826257   59.966220856
    0.004540524   59.966220856
    0.000826257   60.259162903
    0.004560054   60.259162903
    0.000829811   60.553531647
    0.004560054   60.553531647
    0.000829811   60.849342346
    0.004560054   60.849342346
    0.000829811   61.146598816
    0.004579667   61.146598816
    0.000829811   61.445304871
    0.004579667   61.445304871
    0.000829811   61.745468140
    0.004599365   61.745468140
    0.000826257   62.047103882
    0.004599365   62.047103882
    0.000826257   62.350208282
    0.004619148   62.350208282
    0.000822718   62.654792786
    0.004639016   62.654792786
    0.000822718   62.960868835
    0.004639016   62.960868835
    0.000819195   63.268436432
    0.004658969   63.268436432
    0.000819195   63.577510834
    0.004679007   63.577510834
    0.000815686   63.888092041
    0.004699132   63.888092041
    0.000812193   64.200187683
    0.004699132   64.200187683
    0.000812193   64.513816833
    0.004719344   64.513816833
    0.000812193   64.828971863
    0.004719344   64.828971863
    0.000812193   65.145668030
    0.004719344   65.145668030
    0.000812193   65.463905334
    0.004719344   65.463905334
    0.000815686   65.783706665
    0.004719344   65.783706665
    0.000815686   66.105064392
    0.004719344   66.105064392
    0.000815686   66.427993774
    0.004719344   66.427993774
    0.000815686   66.752502441
    0.004719344   66.752502441
    0.000815686   67.078590393
    0.004719344   67.078590393
    0.000819195   67.406280518
    0.004719344   67.406280518
    0.000819195   67.735565186
    0.004719344   67.735565186
    0.000822718   68.066459656
    0.004719344   68.066459656
    0.000826257   68.398971558
    0.004699132   68.398971558
    0.000829811   68.733108521
    0.004679007   68.733108521
    0.000836964   69.068870544
    0.004658969   69.068870544
    0.000840564   69.406280518
    0.004639016   69.406280518
    0.000844180   69.745338440
    0.004619148   69.745338440
    0.000851457   70.086051941
    0.004599365   70.086051941
    0.000855119   70.428428650
    0.004599365   70.428428650
    0.000858797   70.772476196
    0.004579667   70.772476196
    0.000866201   71.118202209
    0.004560054   71.118202209
    0.000862491   71.465621948
    0.004560054   71.465621948
    0.000858797   71.814735413
    0.004579667   71.814735413
    0.000855119   72.165557861
    0.004599365   72.165557861
    0.000851457   72.518096924
    0.004599365   72.518096924
    0.000847811   72.872352600
    0.004619148   72.872352600
    0.000844180   73.228340149
    0.004639016   73.228340149
    0.000840564   73.586067200
    0.004639016   73.586067200
    0.000836964   73.945541382
    0.004658969   73.945541382
    0.000833380   74.306770325
    0.004679007   74.306770325
    0.000829811   74.669769287
    0.004699132   74.669769287
    0.000829811   75.034530640
    0.004699132   75.034530640
    0.000829811   75.401084900
    0.004699132   75.401084900
    0.000829811   75.769424438
    0.004719344   75.769424438
    0.000833380   76.139564514
    0.004719344   76.139564514
    0.000833380   76.511512756
    0.004739643   76.511512756
    0.000833380   76.885276794
    0.004739643   76.885276794
    0.000833380   77.260871887
    0.004739643   77.260871887
    0.000833380   77.638298035
    0.004760028   77.638298035
    0.000836964   78.017562866
    0.004760028   78.017562866
    0.000836964   78.398689270
    0.004780502   78.398689270
    0.000836964   78.781677246
    0.004760028   78.781677246
    0.000840564   79.166526794
    0.004760028   79.166526794
    0.000840564   79.553260803
    0.004760028   79.553260803
    0.000844180   79.941886902
    0.004739643   79.941886902
    0.000844180   80.332412720
    0.004739643   80.332412720
    0.000844180   80.724845886
    0.004739643   80.724845886
    0.000847811   81.119194031
    0.004719344   81.119194031
    0.000847811   81.515464783
    0.004719344   81.515464783
    0.000847811   81.913673401
    0.004699132   81.913673401
    0.000851457   82.313835144
    0.004699132   82.313835144
    0.000855119   82.715942383
    0.004679007   82.715942383
    0.000855119   83.120018005
    0.004658969   83.120018005
    0.000858797   83.526069641
    0.004658969   83.526069641
    0.000862491   83.934097290
    0.004639016   83.934097290
    0.000866201   84.344123840
    0.004619148   84.344123840
    0.000869927   84.756149292
    0.004599365   84.756149292
    0.000873668   85.170196533
    0.004579667   85.170196533
    0.000877426   85.586257935
    0.004560054   85.586257935
    0.000877426   86.004356384
    0.004560054   86.004356384
    0.000881200   86.424491882
    0.004540524   86.424491882
    0.000881200   86.846687317
    0.004540524   86.846687317
    0.000881200   87.270935059
    0.004560054   87.270935059
    0.000877426   87.697265625
    0.004579667   87.697265625
    0.000877426   88.125671387
    0.004599365   88.125671387
    0.000877426   88.556175232
    0.004619148   88.556175232
    0.000873668   88.988777161
    0.004639016   88.988777161
    0.000873668   89.423500061
    0.004639016   89.423500061
    0.000869927   89.860343933
    0.004658969   89.860343933
    0.000869927   90.299316406
    0.004679007   90.299316406
    0.000869927   90.740440369
    0.004699132   90.740440369
    0.000869927   91.183715820
    0.004679007   91.183715820
    0.000873668   91.629158020
    0.004679007   91.629158020
    0.000877426   92.076774597
    0.004658969   92.076774597
    0.000881200   92.526573181
    0.004658969   92.526573181
    0.000881200   92.978576660
    0.004639016   92.978576660
    0.000884990   93.432785034
    0.004639016   93.432785034
    0.000888797   93.889213562
    0.004619148   93.889213562
    0.000892619   94.347869873
    0.004619148   94.347869873
    0.000892619   94.808769226
    0.004599365   94.808769226
    0.000896459   95.271911621
    0.004599365   95.271911621
    0.000896459   95.737327576
    0.004599365   95.737327576
    0.000896459   96.205009460
    0.004599365   96.205009460
    0.000900314   96.674980164
    0.004599365   96.674980164
    0.000900314   97.147247314
    0.004599365   97.147247314
    0.000900314   97.621818542
    0.004599365   97.621818542
    0.000900314   98.087333679
    0.004599365   98.087333679
    0.000900314   98.555076599
    0.004599365   98.555076599
    0.000900314   99.025047302
    0.004619148   99.025047302
    0.000900314   99.497253418
    0.004619148   99.497253418
    0.000900314   99.971717834
    0.004619148   99.971717834
    0.000900314  100.448440552
    0.004619148  100.448440552
    0.000900314  100.927436829
    0.004619148  100.927436829
    0.000900314  101.408721924
    0.004619148  101.408721924
    0.000900314  101.892295837
    0.004619148  101.892295837
