    0.937865674    0.040114697
    0.898464799    0.041104134
    0.860719204    0.042117979
    0.807053208    0.043156829
    0.773147821    0.044221304
    0.740666986    0.045312036
    0.694486260    0.046429668
    0.665310025    0.047574867
    0.637359560    0.048748314
    0.597620010    0.049950704
    0.572513282    0.051182751
    0.548461318    0.052445184
    0.514264643    0.053738758
    0.492659748    0.055064239
    0.471962512    0.056422412
    0.452134818    0.057814084
    0.423944086    0.059240084
    0.406133682    0.060701258
    0.389071524    0.062198471
    0.364812821    0.063732609
    0.349486589    0.065304592
    0.334804237    0.066915348
    0.313929111    0.068565831
    0.300740570    0.070257023
    0.288106114    0.071989931
    0.276002437    0.073765583
    0.258793592    0.075585030
    0.247921377    0.077449352
    0.237505898    0.079359658
    0.227527991    0.081317082
    0.213341564    0.083322793
    0.204378828    0.085377976
    0.195792630    0.087483846
    0.187567145    0.089641653
    0.179687232    0.091852687
    0.168483675    0.094118260
    0.161405474    0.096439712
    0.154624641    0.098818421
    0.148128673    0.101255804
    0.138892815    0.103753306
    0.133057758    0.106312402
    0.127467841    0.108934626
    0.122112766    0.111621529
    0.114499003    0.114374697
    0.109688759    0.117195778
    0.105080605    0.120086446
    0.100666039    0.123048410
    0.094389491    0.126083434
    0.090424076    0.129193306
    0.086625256    0.132379889
    0.082986020    0.135645077
    0.077811822    0.138990790
    0.074542850    0.142419040
    0.071411215    0.145931840
    0.068411149    0.149531290
    0.064145692    0.153219521
    0.061450850    0.156998724
    0.058869231    0.160871133
    0.056396067    0.164839059
    0.052879754    0.168904856
    0.050658215    0.173070937
    0.048530001    0.177339777
    0.046491198    0.181713909
    0.044538047    0.186195925
    0.041761089    0.190788493
    0.040006652    0.195494339
    0.038325928    0.200316265
    0.036715809    0.205257118
    0.035173334    0.210319832
    0.032980267    0.215507433
    0.031594727    0.220822975
    0.030267393    0.226269633
    0.028995825    0.231850624
    0.027777676    0.237569287
    0.026045728    0.243428990
    0.024951518    0.249433219
    0.023903273    0.255585551
    0.022899069    0.261889637
    0.021937052    0.268349230
    0.021015450    0.274968147
    0.019705132    0.281750292
    0.018877296    0.288699716
    0.018084237    0.295820564
    0.017324496    0.303117067
    0.016596673    0.310593516
    0.015561867    0.318254381
    0.014908094    0.326104224
    0.014281786    0.334147662
    0.013681792    0.342389494
    0.013107004    0.350834608
    0.012556363    0.359488040
    0.012028854    0.368354917
    0.011278853    0.377440482
    0.010805015    0.386750162
    0.010351082    0.396289438
    0.009916221    0.406064034
    0.009499629    0.416079700
    0.009100538    0.426342428
    0.008718213    0.436858267
    0.008351951    0.447633475
    0.008001075    0.458674461
    0.007664940    0.469987780
    0.007342927    0.481580168
    0.007034442    0.493458450
    0.006738917    0.505629718
    0.006455807    0.518101215
    0.006184591    0.530880332
    0.005924768    0.543974638
    0.005675862    0.557391882
    0.005437412    0.571140110
    0.005208980    0.585227430
    0.004990144    0.599662185
    0.004780502    0.614453018
    0.004579667    0.629608691
    0.004482436    0.645138144
    0.004294124    0.661050677
    0.004113723    0.677355647
    0.003940900    0.694062769
    0.003775338    0.711181998
    0.003695184    0.728723526
    0.003539945    0.746697664
    0.003391228    0.765115142
    0.003319229    0.783986866
    0.003179784    0.803324103
    0.003046197    0.823138297
    0.002918223    0.843441248
    0.002856266    0.864244938
    0.002736271    0.885561764
    0.002678177    0.907404363
    0.002565664    0.929785728
    0.002511192    0.952719152
    0.002405694    0.976218164
    0.002354619    1.000296831
    0.002255699    1.024969459
    0.002207808    1.050250530
    0.002115055    1.076155305
    0.002070150    1.102698922
    0.002026199    1.129897237
    0.001983181    1.157766461
    0.001899865    1.186323047
    0.001859529    1.215584040
    0.001820049    1.245566726
    0.001781408    1.276288986
    0.001743587    1.307768941
    0.001706569    1.340025425
    0.001670337    1.373077512
    0.001634874    1.406944752
    0.001600164    1.441647410
    0.001566191    1.477205992
    0.001532939    1.513641715
    0.001500393    1.550976038
    0.001468539    1.589231253
    0.001468539    1.628430128
    0.001437360    1.668595791
    0.001406843    1.709752083
    0.001406843    1.751923561
    0.001376975    1.795135140
    0.001347740    1.839412570
    0.001347740    1.884782195
    0.001319126    1.931270838
    0.001319126    1.978906155
    0.001291120    2.027716398
    0.001291120    2.077730656
    0.001291120    2.128978491
    0.001291120    2.181490183
    0.001263708    2.235297203
    0.001263708    2.290431261
    0.001263708    2.346925259
    0.001291120    2.404812813
    0.001291120    2.464128256
    0.001319126    2.524906635
    0.001347740    2.587184191
    0.001376975    2.650997639
    0.001406843    2.716385126
    0.001468539    2.783385515
    0.001532939    2.852038383
    0.001634874    2.922384501
    0.001706569    2.994465828
    0.001820049    3.068325281
    0.001941076    3.144006252
    0.002070150    3.221554041
    0.002207808    3.301014423
    0.002304628    3.382434845
    0.002457877    3.465863466
    0.002621317    3.551349878
    0.002736271    3.638944864
    0.002856266    3.728700399
    0.002981524    3.820669651
    0.003046197    3.914907455
    0.003179784    4.011469841
    0.003179784    4.110413551
    0.003248758    4.211797714
    0.003179784    4.315682888
    0.003179784    4.422130108
    0.003112274    4.531203270
    0.003046197    4.642966747
    0.002918223    4.757486820
    0.002795625    4.874831676
    0.002678177    4.995070457
    0.002565664    5.118275166
    0.002511192    5.244518757
    0.002405694    5.373876095
    0.002354619    5.506423950
    0.002255699    5.642241478
    0.002207808    5.781408787
    0.002160934    5.924008369
    0.002160934    6.070125580
    0.002115055    6.219846725
    0.002070150    6.373260975
    0.002070150    6.530458927
    0.002026199    6.691534519
    0.002026199    6.856583118
    0.001983181    7.025702477
    0.001983181    7.198993206
    0.001983181    7.376558304
    0.001983181    7.558503151
    0.002026199    7.744935513
    0.002070150    7.935966492
    0.002160934    8.131709099
    0.002255699    8.332279205
    0.002304628    8.537796974
    0.002405694    8.748384476
    0.002457877    8.964165688
    0.002565664    9.185269356
    0.002621317    9.411826134
    0.002678177    9.643970490
    0.002678177    9.881841660
    0.002678177   10.125579834
    0.002678177   10.375329971
    0.002678177   10.631239891
    0.002678177   10.893462181
    0.002678177   11.162152290
    0.002736271   11.437469482
    0.002795625   11.719577789
    0.002795625   12.008644104
    0.002795625   12.304841042
    0.002795625   12.608343124
    0.002795625   12.919330597
    0.002736271   13.237989426
    0.002678177   13.564508438
    0.002621317   13.899080276
    0.002621317   14.241904259
    0.002621317   14.593184471
    0.002621317   14.953128815
    0.002678177   15.321951866
    0.002736271   15.699871063
    0.002736271   16.087112427
    0.002736271   16.483905792
    0.002795625   16.890485764
    0.002795625   17.307094574
    0.002795625   17.733978271
    0.002856266   18.171390533
    0.002856266   18.619592667
    0.002856266   19.078849792
    0.002795625   19.549434662
    0.002795625   20.031625748
    0.002795625   20.525711060
    0.002795625   21.031984329
    0.002795625   21.550743103
    0.002795625   22.082298279
    0.002795625   22.626962662
    0.002795625   23.185062408
    0.002856266   23.756927490
    0.002918223   24.342899323
    0.002856266   24.943323135
    0.002795625   25.558557510
    0.002795625   26.188964844
    0.002795625   26.834922791
    0.002795625   27.496812820
    0.002795625   28.175027847
    0.002795625   28.869972229
    0.002856266   29.582057953
    0.002856266   30.311706543
    0.002856266   31.059352875
    0.002856266   31.825439453
    0.002795625   32.610424042
    0.002795625   33.414768219
    0.002856266   34.238948822
    0.002856266   35.083461761
    0.002795625   35.948802948
    0.002856266   36.835491180
    0.002918223   37.744049072
    0.002856266   38.675014496
    0.002795625   39.628944397
    0.002795625   40.606403351
    0.002856266   41.607971191
    0.002856266   42.634243011
    0.002856266   43.685825348
    0.002795625   44.763347626
    0.002736271   45.867446899
    0.002795625   46.998779297
    0.002918223   48.158016205
    0.002856266   49.345848083
    0.002795625   50.562976837
    0.002856266   51.810123444
    0.002856266   53.088031769
    0.002856266   54.397460938
    0.002795625   55.739189148
    0.002795625   57.114009857
    0.002795625   58.522743225
    0.002795625   59.966220856
    0.002795625   61.445304871
    0.002856266   62.960868835
    0.002856266   64.513816833
    0.002856266   66.105064392
    0.002856266   67.735565186
    0.002856266   69.406280518
    0.002856266   71.118202209
    0.002856266   72.872352600
    0.002856266   74.669769287
    0.002856266   76.511512756
    0.002918223   78.398689270
    0.002918223   80.332412720
    0.002856266   82.313835144
    0.002856266   84.344123840
    0.002795625   86.424491882
    0.002856266   88.556175232
    0.002856266   90.740440369
    0.002856266   92.978576660
    0.002856266   95.271911621
    0.002856266   97.621818542
    0.002856266   99.971717834
