    0.970626831    0.024521492
    0.962330759    0.024641283
    0.954105616    0.024761658
    0.941899538    0.024882620
    0.933849037    0.025004175
    0.925867379    0.025126321
    0.914022505    0.025249066
    0.906210303    0.025372410
    0.898464799    0.025496356
    0.886970520    0.025620908
    0.879389524    0.025746068
    0.871873260    0.025871839
    0.860719204    0.025998225
    0.853362560    0.026125230
    0.846068799    0.026252855
    0.835244834    0.026381101
    0.828105927    0.026509976
    0.821028054    0.026639480
    0.810524404    0.026769616
    0.803596795    0.026900388
    0.796728313    0.027031800
    0.789918602    0.027163852
    0.783167064    0.027296551
    0.773147881    0.027429895
    0.766539693    0.027563892
    0.759988010    0.027698545
    0.753492296    0.027833855
    0.743852735    0.027969826
    0.737494946    0.028106460
    0.731191456    0.028243763
    0.724941909    0.028381735
    0.715667605    0.028520383
    0.709550679    0.028659707
    0.703486085    0.028799713
    0.694486260    0.028940402
    0.688550413    0.029081779
    0.682665288    0.029223846
    0.676830471    0.029366607
    0.668171644    0.029510066
    0.662460685    0.029654225
    0.656798542    0.029799089
    0.651184857    0.029944660
    0.642854095    0.030090943
    0.637359560    0.030237939
    0.631911993    0.030385654
    0.626510978    0.030534092
    0.618495882    0.030683253
    0.613209486    0.030833144
    0.607968330    0.030983767
    0.602771997    0.031135125
    0.595060587    0.031287223
    0.589974523    0.031440064
    0.584931970    0.031593651
    0.579932511    0.031747989
    0.572513282    0.031903081
    0.567619979    0.032058928
    0.562768459    0.032215539
    0.557958424    0.032372914
    0.550820351    0.032531060
    0.546112418    0.032689977
    0.541444719    0.032849669
    0.536816955    0.033010144
    0.529949367    0.033171400
    0.525419831    0.033333447
    0.520928979    0.033496283
    0.516476572    0.033659916
    0.512062192    0.033824347
    0.507685542    0.033989582
    0.501190603    0.034155626
    0.496906877    0.034322478
    0.492659748    0.034490146
    0.488448918    0.034658633
    0.484274119    0.034827944
    0.480134964    0.034998082
    0.473992497    0.035169050
    0.469941229    0.035340853
    0.465924591    0.035513498
    0.461942285    0.035686985
    0.456032574    0.035861317
    0.452134818    0.036036506
    0.448270380    0.036212545
    0.444438964    0.036389448
    0.440640271    0.036567215
    0.435003072    0.036745846
    0.431285053    0.036925353
    0.427598804    0.037105739
    0.423944086    0.037287004
    0.418520480    0.037469152
    0.414943337    0.037652194
    0.411396772    0.037836127
    0.407880515    0.038020961
    0.404394329    0.038206697
    0.399220824    0.038393341
    0.395808637    0.038580894
    0.392425627    0.038769364
    0.387405246    0.038958758
    0.384094059    0.039149076
    0.380811155    0.039340321
    0.377556324    0.039532501
    0.374329299    0.039725624
    0.369540423    0.039919686
    0.366381943    0.040114697
    0.363250434    0.040310662
    0.358603269    0.040507581
    0.355538249    0.040705465
    0.352499425    0.040904313
    0.349486589    0.041104134
    0.345015526    0.041304935
    0.342066646    0.041506711
    0.339142978    0.041709475
    0.336244285    0.041913230
    0.333370358    0.042117979
    0.329105467    0.042323731
    0.326292574    0.042530484
    0.323503733    0.042738251
    0.320738703    0.042947032
    0.317997307    0.043156829
    0.313929111    0.043367654
    0.311245918    0.043579511
    0.308585674    0.043792401
    0.305948168    0.044006329
    0.303333193    0.044221304
    0.299452603    0.044437330
    0.296893150    0.044654410
    0.294355571    0.044872552
    0.291839689    0.045091756
    0.288106114    0.045312036
    0.285643637    0.045533389
    0.283202201    0.045755822
    0.280781657    0.045979343
    0.277189553    0.046203956
    0.274820387    0.046429668
    0.272471458    0.046656482
    0.270142615    0.046884403
    0.266686618    0.047113437
    0.264407218    0.047343589
    0.262147307    0.047574867
    0.259906709    0.047807276
    0.257685244    0.048040818
    0.254388630    0.048275501
    0.252214342    0.048511334
    0.250058651    0.048748314
    0.246859595    0.048986454
    0.970626831    0.048986454
    0.244749665    0.049225759
    0.962330759    0.049225759
    0.242657766    0.049466230
    0.954105616    0.049466230
    0.240583733    0.049707878
    0.945950806    0.049707878
    0.237505898    0.049950704
    0.937865674    0.049950704
    0.235475913    0.050194718
    0.925867379    0.050194718
    0.233463272    0.050439924
    0.917953849    0.050439924
    0.230476528    0.050686326
    0.906210303    0.050686326
    0.228506625    0.050933935
    0.898464799    0.050933935
    0.226553559    0.051182751
    0.886970520    0.051182751
    0.223655209    0.051432781
    0.879389524    0.051432781
    0.221743599    0.051684037
    0.871873260    0.051684037
    0.219848335    0.051936518
    0.864421308    0.051936518
    0.217035770    0.052190233
    0.857032955    0.052190233
    0.215180740    0.052445184
    0.849707842    0.052445184
    0.213341564    0.052701384
    0.838837326    0.052701384
    0.211518109    0.052958835
    0.831667721    0.052958835
    0.208812118    0.053217545
    0.821028054    0.053217545
    0.207027376    0.053477515
    0.814010620    0.053477515
    0.205257893    0.053738758
    0.807053149    0.053738758
    0.203503534    0.054001275
    0.796728313    0.054001275
    0.200900063    0.054265078
    0.789918602    0.054265078
    0.199182957    0.054530166
    0.783167064    0.054530166
    0.197480515    0.054796554
    0.776473284    0.054796554
    0.194954097    0.055064239
    0.769836664    0.055064239
    0.193287805    0.055333231
    0.759988010    0.055333231
    0.191635758    0.055603541
    0.753492296    0.055603541
    0.189997822    0.055875167
    0.743852735    0.055875167
    0.188373893    0.056148123
    0.737494946    0.056148123
    0.185963988    0.056422412
    0.728060007    0.056422412
    0.184374541    0.056698039
    0.721837163    0.056698039
    0.182798669    0.056975015
    0.715667605    0.056975015
    0.180460081    0.057253342
    0.709550679    0.057253342
    0.178917676    0.057533033
    0.703486085    0.057533033
    0.177388445    0.057814084
    0.697473347    0.057814084
    0.175872281    0.058096513
    0.688550413    0.058096513
    0.173622310    0.058380321
    0.682665288    0.058380321
    0.172138333    0.058665510
    0.673931777    0.058665510
    0.170667052    0.058952097
    0.668171644    0.058952097
    0.169208348    0.059240084
    0.659623563    0.059240084
    0.167043626    0.059529476
    0.653985679    0.059529476
    0.165615886    0.059820283
    0.648396015    0.059820283
    0.164200351    0.060112514
    0.642854095    0.060112514
    0.162099704    0.060406167
    0.637359560    0.060406167
    0.160714224    0.060701258
    0.629205704    0.060701258
    0.159340575    0.060997788
    0.623827815    0.060997788
    0.157302096    0.061295770
    0.615846992    0.061295770
    0.155957624    0.061595205
    0.610583305    0.061595205
    0.154624641    0.061896104
    0.605364561    0.061896104
    0.152646497    0.062198471
    0.597620010    0.062198471
    0.151341811    0.062502317
    0.592512131    0.062502317
    0.150048271    0.062807642
    0.587447822    0.062807642
    0.148128673    0.063114464
    0.582426846    0.063114464
    0.146862596    0.063422784
    0.577448785    0.063422784
    0.145607352    0.063732609
    0.572513282    0.063732609
    0.143744558    0.064043954
    0.565189004    0.064043954
    0.142515957    0.064356811
    0.557958424    0.064356811
    0.141297862    0.064671203
    0.553189516    0.064671203
    0.140090182    0.064987123
    0.548461318    0.064987123
    0.138297975    0.065304592
    0.541444719    0.065304592
    0.137115926    0.065623611
    0.536816955    0.065623611
    0.135943979    0.065944187
    0.532228708    0.065944187
    0.134204820    0.066266328
    0.527679741    0.066266328
    0.133057758    0.066590048
    0.523169577    0.066590048
    0.131920502    0.066915348
    0.518697977    0.066915348
    0.130232811    0.067242235
    0.512062192    0.067242235
    0.129119694    0.067570716
    0.507685542    0.067570716
    0.128016099    0.067900807
    0.501190603    0.067900807
    0.126378357    0.068232507
    0.496906877    0.068232507
    0.125298187    0.068565831
    0.490549833    0.068565831
    0.124227256    0.068900779
    0.486357033    0.068900779
    0.123165473    0.069237366
    0.482200086    0.069237366
    0.121589787    0.069575600
    0.478078693    0.069575600
    0.120550543    0.069915481
    0.473992497    0.069915481
    0.119520187    0.070257023
    0.469941229    0.070257023
    0.118498638    0.070600234
    0.463929176    0.070600234
    0.116982661    0.070945121
    0.459963918    0.070945121
    0.115982793    0.071291700
    0.454079509    0.071291700
    0.114991479    0.071639962
    0.450198442    0.071639962
    0.114008635    0.071989931
    0.446350545    0.071989931
    0.112550095    0.072341606
    0.440640271    0.072341606
    0.111588120    0.072695002
    0.436874092    0.072695002
    0.110634364    0.073050126
    0.433140069    0.073050126
    0.109688759    0.073406979
    0.429437965    0.073406979
    0.108285487    0.073765583
    0.425767541    0.073765583
    0.107359961    0.074125931
    0.420320600    0.074125931
    0.106442347    0.074488044
    0.416728079    0.074488044
    0.105532572    0.074851930
    0.411396772    0.074851930
    0.104182467    0.075217582
    0.407880515    0.075217582
    0.103292011    0.075585030
    0.404394329    0.075585030
    0.102409162    0.075954266
    0.400937915    0.075954266
    0.101533860    0.076325312
    0.395808637    0.076325312
    0.100234911    0.076698169
    0.392425627    0.076698169
    0.099378198    0.077072844
    0.389071524    0.077072844
    0.098528802    0.077449352
    0.385746092    0.077449352
    0.097268298    0.077827699
    0.382449090    0.077827699
    0.096436940    0.078207895
    0.377556324    0.078207895
    0.095612682    0.078589946
    0.374329299    0.078589946
    0.094389491    0.078973867
    0.369540423    0.078973867
    0.093582734    0.079359658
    0.366381943    0.079359658
    0.092782870    0.079747334
    0.363250434    0.079747334
    0.091989845    0.080136910
    0.360145688    0.080136910
    0.090813003    0.080528386
    0.357067496    0.080528386
    0.090036817    0.080921777
    0.352499425    0.080921777
    0.089267261    0.081317082
    0.349486589    0.081317082
    0.088125244    0.081714325
    0.346499503    0.081714325
    0.087372027    0.082113512
    0.342066646    0.082113512
    0.086625248    0.082514644
    0.339142978    0.082514644
    0.085517034    0.082917735
    0.336244285    0.082917735
    0.084786110    0.083322793
    0.331942618    0.083322793
    0.084061436    0.083729833
    0.329105467    0.083729833
    0.082986020    0.084138863
    0.326292574    0.084138863
    0.082276724    0.084549889
    0.323503733    0.084549889
    0.081573501    0.084962919
    0.320738703    0.084962919
    0.080529913    0.085377976
    0.317997307    0.085377976
    0.079841614    0.085795052
    0.313929111    0.085795052
    0.079159200    0.086214170
    0.311245918    0.086214170
    0.078146502    0.086635336
    0.307264090    0.086635336
    0.077478573    0.087058559
    0.304637879    0.087058559
    0.076816358    0.087483846
    0.302034110    0.087483846
    0.076159798    0.087911211
    0.299452603    0.087911211
    0.075508855    0.088340662
    0.295621634    0.088340662
    0.074542850    0.088772215
    0.293094933    0.088772215
    0.073905721    0.089205876
    0.290589809    0.089205876
    0.073274046    0.089641653
    0.288106114    0.089641653
    0.072647765    0.090079561
    0.285643637    0.090079561
    0.071718365    0.090519607
    0.281989336    0.090519607
    0.071105383    0.090961806
    0.279579133    0.090961806
    0.070497639    0.091406159
    0.277189553    0.091406159
    0.069895089    0.091852687
    0.273643404    0.091852687
    0.069297686    0.092301399
    0.271304548    0.092301399
    0.068411149    0.092752300
    0.268985659    0.092752300
    0.067826428    0.093205400
    0.266686618    0.093205400
    0.067246713    0.093660720
    0.264407218    0.093660720
    0.066386409    0.094118260
    0.262147307    0.094118260
    0.065818995    0.094578035
    0.258793592    0.094578035
    0.065256432    0.095040061
    0.256581664    0.095040061
    0.064698681    0.095504336
    0.253299147    0.095504336
    0.063870974    0.095970884
    0.251134187    0.095970884
    0.063325062    0.096439712
    0.248987719    0.096439712
    0.062783815    0.096910827
    0.246859595    0.096910827
    0.062247194    0.097384244
    0.243701473    0.097384244
    0.061450854    0.097859979
    0.241618529    0.097859979
    0.060925629    0.098338030
    0.239553392    0.098338030
    0.060404889    0.098818421
    0.237505898    0.098818421
    0.059888605    0.099301159
    0.235475913    0.099301159
    0.059376732    0.099786252
    0.232463419    0.099786252
    0.058617111    0.100273721
    0.230476528    0.100273721
    0.058116104    0.100763567
    0.228506625    0.100763567
    0.057619382    0.101255804
    0.225583285    0.101255804
    0.057126902    0.101750448
    0.223655209    0.101750448
    0.056396067    0.102247506
    0.221743599    0.102247506
    0.055914041    0.102746993
    0.219848335    0.102746993
    0.055436138    0.103248924
    0.217969269    0.103248924
    0.054962322    0.103753299
    0.216106266    0.103753299
    0.054259174    0.104260147
    0.213341564    0.104260147
    0.053795416    0.104769468
    0.211518109    0.104769468
    0.053335618    0.105281271
    0.208812118    0.105281271
    0.052879754    0.105795585
    0.207027376    0.105795585
    0.052203253    0.106312402
    0.205257893    0.106312402
    0.051757067    0.106831744
    0.203503534    0.106831744
    0.051314693    0.107353628
    0.200900063    0.107353628
    0.050658215    0.107878067
    0.199182957    0.107878067
    0.050225232    0.108405061
    0.197480515    0.108405061
    0.049795952    0.108934626
    0.195792630    0.108934626
    0.049370341    0.109466784
    0.194119170    0.109466784
    0.048738737    0.110001534
    0.191635758    0.110001534
    0.048322160    0.110538907
    0.189997822    0.110538907
    0.047909148    0.111078896
    0.188373893    0.111078896
    0.047499660    0.111621529
    0.185963988    0.111621529
    0.047093678    0.112166807
    0.184374541    0.112166807
    0.046691164    0.112714753
    0.182798669    0.112714753
    0.046093833    0.113265373
    0.181236267    0.113265373
    0.045699865    0.113818683
    0.179687217    0.113818683
    0.045309264    0.114374697
    0.178151414    0.114374697
    0.044922002    0.114933431
    0.175872281    0.114933431
    0.044538047    0.115494892
    0.174369082    0.115494892
    0.044157375    0.116059095
    0.172878727    0.116059095
    0.043592460    0.116626047
    0.170667052    0.116626047
    0.043219872    0.117195778
    0.169208348    0.117195778
    0.042850465    0.117768288
    0.167762101    0.117768288
    0.042484220    0.118343599
    0.165615886    0.118343599
    0.041940708    0.118921719
    0.164200351    0.118921719
    0.041582238    0.119502664
    0.162796915    0.119502664
    0.041226830    0.120086446
    0.161405474    0.120086446
    0.040874459    0.120673075
    0.160025924    0.120673075
    0.040525101    0.121262580
    0.157978684    0.121262580
    0.040006656    0.121854953
    0.156628415    0.121854953
    0.039664716    0.122450233
    0.155289710    0.122450233
    0.039325695    0.123048410
    0.153303042    0.123048410
    0.038989574    0.123649515
    0.151992753    0.123649515
    0.038656328    0.124253549
    0.150693655    0.124253549
    0.038161788    0.124860540
    0.149405658    0.124860540
    0.037835617    0.125470489
    0.148128673    0.125470489
    0.037512232    0.126083434
    0.146862596    0.126083434
    0.037191611    0.126699358
    0.144983754    0.126699358
    0.036715809    0.127318293
    0.143744558    0.127318293
    0.036401995    0.127940252
    0.141905606    0.127940252
    0.036090862    0.128565252
    0.140692726    0.128565252
    0.035782389    0.129193306
    0.139490202    0.129193306
    0.035324618    0.129824430
    0.137705684    0.129824430
    0.035022695    0.130458638
    0.136528701    0.130458638
    0.034723353    0.131095931
    0.135361776    0.131095931
    0.034426570    0.131736353
    0.134204820    0.131736353
    0.033986144    0.132379889
    0.133057758    0.132379889
    0.033695661    0.133026585
    0.131355524    0.133026585
    0.033407658    0.133676425
    0.130232811    0.133676425
    0.032980267    0.134329453
    0.129119694    0.134329453
    0.032698382    0.134985656
    0.127467841    0.134985656
    0.032418907    0.135645077
    0.126378357    0.135645077
    0.032141816    0.136307716
    0.125298187    0.136307716
    0.031730622    0.136973590
    0.124227256    0.136973590
    0.031459417    0.137642711
    0.122637987    0.137642711
    0.031190528    0.138315111
    0.121589787    0.138315111
    0.030791501    0.138990790
    0.120550543    0.138990790
    0.030528322    0.139669776
    0.119520187    0.139669776
    0.030267393    0.140352085
    0.117991142    0.140352085
    0.030008694    0.141037717
    0.116982661    0.141037717
    0.029624788    0.141726688
    0.115982793    0.141726688
    0.029371582    0.142419040
    0.114499003    0.142419040
    0.029120540    0.143114775
    0.113520369    0.143114775
    0.028871644    0.143813893
    0.112550095    0.143813893
    0.028624875    0.144516438
    0.111588120    0.144516438
    0.028258670    0.145222425
    0.110634364    0.145222425
    0.028017141    0.145931840
    0.109688759    0.145931840
    0.027777676    0.146644726
    0.108285487    0.146644726
    0.027540257    0.147361100
    0.107359961    0.147361100
    0.027304867    0.148080975
    0.105986483    0.148080975
    0.026955549    0.148804367
    0.105080605    0.148804367
    0.026725156    0.149531290
    0.104182467    0.149531290
    0.026496734    0.150261760
    0.103292011    0.150261760
    0.026270265    0.150995806
    0.101970568    0.150995806
    0.025934184    0.151733443
    0.101099022    0.151733443
    0.025712522    0.152474672
    0.100234911    0.152474672
    0.025492754    0.153219521
    0.099378198    0.153219521
    0.025274865    0.153968006
    0.098528802    0.153968006
    0.025058838    0.154720157
    0.097268298    0.154720157
    0.024738254    0.155475989
    0.096436940    0.155475989
    0.024526814    0.156235501
    0.095203198    0.156235501
    0.024317181    0.156998724
    0.094389491    0.156998724
    0.024109339    0.157765672
    0.093582734    0.157765672
    0.023903275    0.158536375
    0.092782870    0.158536375
    0.023597473    0.159310833
    0.091989845    0.159310833
    0.023395784    0.160089090
    0.090813003    0.160089090
    0.023195818    0.160871133
    0.090036817    0.160871133
    0.022997562    0.161657006
    0.089267261    0.161657006
    0.022703348    0.162446707
    0.088125244    0.162446707
    0.022509301    0.163240284
    0.087372027    0.163240284
    0.022316912    0.164037719
    0.086625248    0.164037719
    0.022126166    0.164839059
    0.085517034    0.164839059
    0.021937052    0.165644318
    0.084786110    0.165644318
    0.021656407    0.166453496
    0.084061436    0.166453496
    0.021471307    0.167266637
    0.083342955    0.167266637
    0.021287790    0.168083757
    0.082630612    0.168083757
    0.021015450    0.168904856
    0.081924357    0.168904856
    0.020835828    0.169729978
    0.080876283    0.169729978
    0.020657742    0.170559123
    0.080185026    0.170559123
    0.020481179    0.171392307
    0.079499677    0.171392307
    0.020306123    0.172229588
    0.078482620    0.172229588
    0.020132566    0.173070937
    0.077811822    0.173070937
    0.019875005    0.173916399
    0.077146754    0.173916399
    0.019705132    0.174766004
    0.076487377    0.174766004
    0.019536709    0.175619751
    0.075508855    0.175619751
    0.019369727    0.176477671
    0.074863471    0.176477671
    0.019204173    0.177339777
    0.074223600    0.177339777
    0.018958490    0.178206101
    0.073589206    0.178206101
    0.018796450    0.179076657
    0.072647765    0.179076657
    0.018635795    0.179951459
    0.072026834    0.179951459
    0.018476512    0.180830538
    0.071411215    0.180830538
    0.018318592    0.181713909
    0.070497639    0.181713909
    0.018162020    0.182601601
    0.069895089    0.182601601
    0.018006787    0.183493614
    0.069297686    0.183493614
    0.017776422    0.184390008
    0.068705395    0.184390008
    0.017624486    0.185290769
    0.068118162    0.185290769
    0.017473847    0.186195925
    0.067535952    0.186195925
    0.017324496    0.187105507
    0.066671945    0.187105507
    0.017176421    0.188019529
    0.066102095    0.188019529
    0.017029613    0.188938022
    0.065256432    0.188938022
    0.016884059    0.189861000
    0.064698681    0.189861000
    0.016739750    0.190788493
    0.064145692    0.190788493
    0.016596673    0.191720515
    0.063325062    0.191720515
    0.016384348    0.192657083
    0.062783815    0.192657083
    0.016244309    0.193598226
    0.062247194    0.193598226
    0.016105467    0.194543973
    0.061715163    0.194543973
    0.015967812    0.195494339
    0.061187677    0.195494339
    0.015831335    0.196449354
    0.060664702    0.196449354
    0.015696023    0.197409019
    0.059888605    0.197409019
    0.015561867    0.198373392
    0.059376732    0.198373392
    0.015428858    0.199342459
    0.058617111    0.199342459
    0.015296986    0.200316265
    0.058116104    0.200316265
    0.015166242    0.201294824
    0.057619382    0.201294824
    0.014972216    0.202278167
    0.057126902    0.202278167
    0.014844247    0.203266323
    0.056638632    0.203266323
    0.014717371    0.204259291
    0.055914041    0.204259291
    0.014591580    0.205257118
    0.055436138    0.205257118
    0.014466865    0.206259817
    0.054962322    0.206259817
    0.014343215    0.207267419
    0.054259174    0.207267419
    0.014220622    0.208279938
    0.053795416    0.208279938
    0.014038694    0.209297389
    0.053335618    0.209297389
    0.013918704    0.210319832
    0.052653287    0.210319832
    0.013799740    0.211347267
    0.052203253    0.211347267
    0.013681792    0.212379709
    0.051757067    0.212379709
    0.013564852    0.213417202
    0.051314693    0.213417202
    0.013448912    0.214459777
    0.050876103    0.214459777
    0.013333963    0.215507433
    0.050441261    0.215507433
    0.013219996    0.216560200
    0.049795952    0.216560200
    0.013050870    0.217618123
    0.049370341    0.217618123
    0.012939323    0.218681201
    0.048738737    0.218681201
    0.012828729    0.219749480
    0.048322160    0.219749480
    0.012719081    0.220822975
    0.047909148    0.220822975
    0.012610369    0.221901715
    0.047499660    0.221901715
    0.012502587    0.222985730
    0.047093678    0.222985730
    0.012395726    0.224075034
    0.046491198    0.224075034
    0.012289778    0.225169659
    0.046093833    0.225169659
    0.012132552    0.226269633
    0.045699865    0.226269633
    0.012028854    0.227374971
    0.045309264    0.227374971
    0.011926043    0.228485718
    0.044729613    0.228485718
    0.011824110    0.229601890
    0.044347305    0.229601890
    0.011723047    0.230723515
    0.043968260    0.230723515
    0.011622850    0.231850624
    0.043592460    0.231850624
    0.011523508    0.232983232
    0.043034773    0.232983232
    0.011425016    0.234121382
    0.042666949    0.234121382
    0.011327364    0.235265091
    0.042302269    0.235265091
    0.011230549    0.236414373
    0.041940708    0.236414373
    0.011134560    0.237569287
    0.041582238    0.237569287
    0.011039392    0.238729835
    0.041050266    0.238729835
    0.010945037    0.239896044
    0.040699404    0.239896044
    0.010851488    0.241067961
    0.040351544    0.241067961
    0.010758740    0.242245600
    0.039835319    0.242245600
    0.010666783    0.243428990
    0.039494842    0.243428990
    0.010575613    0.244618163
    0.039157275    0.244618163
    0.010485223    0.245813146
    0.038822595    0.245813146
    0.010395604    0.247013956
    0.038490772    0.247013956
    0.010306751    0.248220637
    0.038161788    0.248220637
    0.010174895    0.249433219
    0.037673578    0.249433219
    0.010087929    0.250651717
    0.037351578    0.250651717
    0.010001707    0.251876175
    0.037032329    0.251876175
    0.009916221    0.253106624
    0.036558565    0.253106624
    0.009831466    0.254343063
    0.036246095    0.254343063
    0.009747435    0.255585551
    0.035936296    0.255585551
    0.009664123    0.256834120
    0.035629146    0.256834120
    0.009581523    0.258088768
    0.035173334    0.258088768
    0.009499629    0.259349555
    0.034872703    0.259349555
    0.009418434    0.260616511
    0.034574643    0.260616511
    0.009337935    0.261889637
    0.034279130    0.261889637
    0.009258122    0.263168991
    0.033986144    0.263168991
    0.009178991    0.264454603
    0.033551350    0.264454603
    0.009100538    0.265746504
    0.033264585    0.265746504
    0.009022755    0.267044693
    0.032980267    0.267044693
    0.008945636    0.268349230
    0.032558344    0.268349230
    0.008869177    0.269660145
    0.032280065    0.269660145
    0.008793371    0.270977467
    0.032004163    0.270977467
    0.008718213    0.272301197
    0.031730622    0.272301197
    0.008643698    0.273631424
    0.031459417    0.273631424
    0.008569819    0.274968117
    0.031190528    0.274968117
    0.008496572    0.276311368
    0.030791501    0.276311368
    0.008423951    0.277661175
    0.030528322    0.277661175
    0.008351951    0.279017568
    0.030267393    0.279017568
    0.008280566    0.280380607
    0.029880175    0.280380607
    0.008209791    0.281750292
    0.029624788    0.281750292
    0.008139621    0.283126652
    0.029371582    0.283126652
    0.008070051    0.284509748
    0.029120540    0.284509748
    0.008001075    0.285899609
    0.028871644    0.285899609
    0.007932689    0.287296265
    0.028502282    0.287296265
    0.007864888    0.288699716
    0.028380215    0.288699716
    0.007797665    0.290110052
    0.028017141    0.290110052
    0.007731018    0.291527241
    0.027777676    0.291527241
    0.007664940    0.292951405
    0.027422309    0.292951405
    0.007599427    0.294382483
    0.027187927    0.294382483
    0.007534474    0.295820564
    0.026955549    0.295820564
    0.007470076    0.297265679
    0.026610700    0.297265679
    0.007406229    0.298717856
    0.026383257    0.298717856
    0.007342927    0.300177097
    0.026157755    0.300177097
    0.007311480    0.301643491
    0.025934184    0.301643491
    0.007248987    0.303117067
    0.025712522    0.303117067
    0.007187030    0.304597795
    0.025492754    0.304597795
    0.007125601    0.306085795
    0.025166620    0.306085795
    0.007064698    0.307581067
    0.024951518    0.307581067
    0.007004315    0.309083611
    0.024632307    0.309083611
    0.006944449    0.310593516
    0.024421772    0.310593516
    0.006885094    0.312110782
    0.024213037    0.312110782
    0.006826246    0.313635498
    0.024006085    0.313635498
    0.006797011    0.315167636
    0.023800902    0.315167636
    0.006738917    0.316707253
    0.023496414    0.316707253
    0.006681318    0.318254381
    0.023295587    0.318254381
    0.006624212    0.319809079
    0.023096478    0.319809079
    0.006567595    0.321371377
    0.022899069    0.321371377
    0.006511461    0.322941333
    0.022606116    0.322941333
    0.006455807    0.324518919
    0.022412900    0.324518919
    0.006400628    0.326104224
    0.022126166    0.326104224
    0.006373216    0.327697277
    0.021937052    0.327697277
    0.006318743    0.329298109
    0.021749554    0.329298109
    0.006264736    0.330906749
    0.021563658    0.330906749
    0.006211191    0.332523257
    0.021379352    0.332523257
    0.006158104    0.334147662
    0.021196619    0.334147662
    0.006105470    0.335779995
    0.020925445    0.335779995
    0.006053286    0.337420315
    0.020746594    0.337420315
    0.006001547    0.339068651
    0.020481179    0.339068651
    0.005950252    0.340725034
    0.020306123    0.340725034
    0.005924768    0.342389494
    0.020132566    0.342389494
    0.005874129    0.344062090
    0.019875005    0.344062090
    0.005823922    0.345742881
    0.019705132    0.345742881
    0.005774144    0.347431868
    0.019536709    0.347431868
    0.005724792    0.349129081
    0.019369727    0.349129081
    0.005675862    0.350834608
    0.019204173    0.350834608
    0.005627349    0.352548480
    0.018958490    0.352548480
    0.005579252    0.354270697
    0.018796450    0.354270697
    0.005555357    0.356001347
    0.018555982    0.356001347
    0.005507875    0.357740462
    0.018397382    0.357740462
    0.005460799    0.359488040
    0.018240137    0.359488040
    0.005414125    0.361244172
    0.018006787    0.361244172
    0.005367850    0.363008887
    0.017852882    0.363008887
    0.005321970    0.364782214
    0.017700290    0.364782214
    0.005299178    0.366564214
    0.017549004    0.366564214
    0.005253885    0.368354917
    0.017399011    0.368354917
    0.005208980    0.370154351
    0.017176421    0.370154351
    0.005164458    0.371962607
    0.017029613    0.371962607
    0.005120317    0.373779655
    0.016811749    0.373779655
    0.005098388    0.375605613
    0.016668057    0.375605613
    0.005054811    0.377440482
    0.016525595    0.377440482
    0.005011607    0.379284322
    0.016314179    0.379284322
    0.004968773    0.381137162
    0.016174739    0.381137162
    0.004926304    0.382999033
    0.016036492    0.382999033
    0.004905206    0.384870023
    0.015899427    0.384870023
    0.004863281    0.386750162
    0.015763532    0.386750162
    0.004821714    0.388639450
    0.015561867    0.388639450
    0.004780502    0.390538007
    0.015428858    0.390538007
    0.004760028    0.392445803
    0.015231473    0.392445803
    0.004719344    0.394362926
    0.015101288    0.394362926
    0.004679007    0.396289438
    0.014908094    0.396289438
    0.004658969    0.398225337
    0.014780673    0.398225337
    0.004619148    0.400170714
    0.014654341    0.400170714
    0.004579667    0.402125597
    0.014529089    0.402125597
    0.004540524    0.404090017
    0.014343215    0.404090017
    0.004521079    0.406064034
    0.014220622    0.406064034
    0.004482436    0.408047676
    0.014099077    0.408047676
    0.004444125    0.410041034
    0.013918704    0.410041034
    0.004425092    0.412044108
    0.013799740    0.412044108
    0.004387270    0.414056987
    0.013623197    0.414056987
    0.004349772    0.416079700
    0.013506758    0.416079700
    0.004331143    0.418112278
    0.013391314    0.418112278
    0.004294124    0.420154810
    0.013219996    0.420154810
    0.004257422    0.422207296
    0.013107004    0.422207296
    0.004239189    0.424269825
    0.012994977    0.424269825
    0.004202956    0.426342428
    0.012883907    0.426342428
    0.004167033    0.428425133
    0.012719081    0.428425133
    0.004149186    0.430518031
    0.012610369    0.430518031
    0.004113723    0.432621151
    0.012449042    0.432621151
    0.004096105    0.434734553
    0.012342638    0.434734553
    0.004061095    0.436858267
    0.012184736    0.436858267
    0.004026385    0.438992351
    0.012080592    0.438992351
    0.004009141    0.441136867
    0.011977338    0.441136867
    0.003974874    0.443291873
    0.011874966    0.443291873
    0.003940900    0.445457369
    0.011723047    0.445457369
    0.003924022    0.447633475
    0.011622850    0.447633475
    0.003890484    0.449820191
    0.011523508    0.449820191
    0.003873822    0.452017605
    0.011376086    0.452017605
    0.003840712    0.454225749
    0.011278853    0.454225749
    0.003807885    0.456444681
    0.011134560    0.456444681
    0.003791577    0.458674461
    0.011039392    0.458674461
    0.003759170    0.460915118
    0.010898163    0.460915118
    0.003743070    0.463166744
    0.010805015    0.463166744
    0.003711078    0.465429366
    0.010712663    0.465429366
    0.003695184    0.467703015
    0.010621101    0.467703015
    0.003663601    0.469987780
    0.010485223    0.469987780
    0.003647911    0.472283721
    0.010395604    0.472283721
    0.003616732    0.474590868
    0.010262610    0.474590868
    0.003601242    0.476909310
    0.010174895    0.476909310
    0.003585819    0.479239047
    0.010044726    0.479239047
    0.003555171    0.481580168
    0.009958872    0.481580168
    0.003539945    0.483932734
    0.009831466    0.483932734
    0.003509689    0.486296773
    0.009747435    0.486296773
    0.003494658    0.488672376
    0.009664123    0.488672376
    0.003479691    0.491059572
    0.009540488    0.491059572
    0.003449950    0.493458450
    0.009458945    0.493458450
    0.003435175    0.495869040
    0.009378098    0.495869040
    0.003420463    0.498291403
    0.009258122    0.498291403
    0.003391228    0.500725567
    0.009139680    0.500725567
    0.003376704    0.503171682
    0.009061563    0.503171682
    0.003362243    0.505629718
    0.008945636    0.505629718
    0.003347843    0.508099794
    0.008869177    0.508099794
    0.003319229    0.510581911
    0.008755711    0.510581911
    0.003305013    0.513076127
    0.008680875    0.513076127
    0.003290859    0.515582561
    0.008606679    0.515582561
    0.003262731    0.518101215
    0.008533117    0.518101215
    0.003248758    0.520632207
    0.008423951    0.520632207
    0.003234845    0.523175538
    0.008316182    0.523175538
    0.003220991    0.525731266
    0.008245102    0.525731266
    0.003207196    0.528299510
    0.008139621    0.528299510
    0.003179784    0.530880332
    0.008035489    0.530880332
    0.003166166    0.533473730
    0.007966809    0.533473730
    0.003152606    0.536079764
    0.007898715    0.536079764
    0.003139104    0.538698614
    0.007797665    0.538698614
    0.003125660    0.541330159
    0.007731018    0.541330159
    0.003098945    0.543974638
    0.007632114    0.543974638
    0.003085673    0.546631992
    0.007566881    0.546631992
    0.003072458    0.549302340
    0.007470076    0.549302340
    0.003059299    0.551985741
    0.007374510    0.551985741
    0.003046197    0.554682195
    0.007311480    0.554682195
    0.003033151    0.557391882
    0.007217942    0.557391882
    0.003020161    0.560114801
    0.007125601    0.560114801
    0.003007227    0.562851012
    0.007064698    0.562851012
    0.002994348    0.565600574
    0.006974318    0.565600574
    0.002981524    0.568363607
    0.006914707    0.568363607
    0.002968754    0.571140110
    0.006855607    0.571140110
    0.002956040    0.573930204
    0.006767902    0.573930204
    0.002956040    0.576733887
    0.006681318    0.576733887
    0.002943380    0.579551280
    0.006595843    0.579551280
    0.002930775    0.582382441
    0.006511461    0.582382441
    0.002918223    0.585227430
    0.006455807    0.585227430
    0.002905725    0.588086307
    0.006373216    0.588086307
    0.002905725    0.590959191
    0.006318743    0.590959191
    0.002893280    0.593846083
    0.006237906    0.593846083
    0.002880889    0.596747041
    0.006158104    0.596747041
    0.002868552    0.599662185
    0.006105470    0.599662185
    0.002868552    0.602591634
    0.006027361    0.602591634
    0.002856266    0.605535328
    0.005950252    0.605535328
    0.002844034    0.608493388
    0.005874129    0.608493388
    0.002844034    0.611465931
    0.005798980    0.611465931
    0.002844034    0.614453018
    0.005724792    0.614453018
    0.002831853    0.617454708
    0.005651554    0.617454708
    0.002831853    0.620471001
    0.005603249    0.620471001
    0.002819725    0.623502076
    0.005531565    0.623502076
    0.002819725    0.626547933
    0.005460799    0.626547933
    0.002807649    0.629608691
    0.005390938    0.629608691
    0.002807649    0.632684350
    0.005321970    0.632684350
    0.002807649    0.635775089
    0.005253885    0.635775089
    0.002807649    0.638880908
    0.005164458    0.638880908
    0.002807649    0.642001927
    0.005098388    0.642001927
    0.002807649    0.645138144
    0.005033163    0.645138144
    0.002807649    0.648289680
    0.004968773    0.648289680
    0.002807649    0.651456654
    0.004905206    0.651456654
    0.002807649    0.654639065
    0.004842453    0.654639065
    0.002807649    0.657837033
    0.004760028    0.657837033
    0.002807649    0.661050677
    0.004699132    0.661050677
    0.002807649    0.664279938
    0.004639016    0.664279938
    0.002819725    0.667524993
    0.004560054    0.667524993
    0.002831853    0.670785964
    0.004482436    0.670785964
    0.002831853    0.674062788
    0.004406141    0.674062788
    0.002844034    0.677355647
    0.004331143    0.677355647
    0.002856266    0.680664599
    0.004257422    0.680664599
    0.002868552    0.683989704
    0.004167033    0.683989704
    0.002880889    0.687331021
    0.004113723    0.687331021
    0.002893280    0.690688729
    0.004026385    0.690688729
    0.002905725    0.694062769
    0.003957851    0.694062769
    0.002943380    0.697453320
    0.003873822    0.697453320
    0.002981524    0.700860441
    0.003775338    0.700860441
    0.003020161    0.704284191
    0.003647911    0.704284191
    0.003085673    0.707724690
    0.003494658    0.707724690
