#(Global solar fit by SNO from arXiv:1109.0763
#(dummy, dummy, Dm2, tan2 theta
#set order dummy dummy x 1E-4 y
273.958 127.3643 0.32930644 0.407380204
272.3013 127.8623 0.33113167 0.404741097
268.1367 129.2451 0.336199798 0.39810693
266.791 129.9668 0.338844916 0.395963243
263.0679 132.1201 0.34673702 0.390032382
262.4482 132.5107 0.348168616 0.389045205
260.1201 134.3242 0.354815313 0.385336565
257.5059 136.5791 0.363079793 0.38117217
256.8887 137.168 0.365238183 0.380188976
255.4766 138.8867 0.371537426 0.377939515
253.7363 141.2471 0.380188576 0.375167234
252.1729 143.6641 0.389047173 0.372676753
251.4561 144.9463 0.39374659 0.371534898
250.8989 146.1357 0.398105885 0.370647284
249.895 148.666 0.40737974 0.369048081
249.0337 151.2549 0.41686837 0.367676038
248.2964 153.9043 0.426578741 0.366501527
247.668 156.6152 0.436514517 0.365500492
247.1353 159.3896 0.446683027 0.364651906
246.686 162.2285 0.457087938 0.363936175
246.3013 165.1338 0.467736213 0.363323352
246.1475 166.5137 0.472793713 0.36307835
245.9946 168.1064 0.478631151 0.362834782
245.7515 171.1484 0.489780448 0.362447526
245.5508 174.2607 0.501187403 0.362127813
245.3955 177.4463 0.512863011 0.361880421
245.2988 180.7051 0.524806906 0.361726379
245.2354 184.041 0.537033382 0.361625384
245.2124 187.4541 0.549542805 0.361588745
245.2329 190.9463 0.562342139 0.361621401
245.2832 194.5205 0.575442014 0.361701529
245.3643 198.1768 0.588842794 0.36183072
245.4712 201.9189 0.602558042 0.362001011
245.6089 205.749 0.616595821 0.362220366
245.7764 209.668 0.630959428 0.362487191
245.9849 213.6777 0.645655462 0.36281933
246.1475 217.5762 0.659943935 0.36307835
246.1577 217.7813 0.660695651 0.363094599
246.6958 221.9795 0.676082561 0.363951787
247.1807 226.2764 0.691831218 0.364724228
247.7607 230.6729 0.707944921 0.365648162
248.459 235.1729 0.724437963 0.366760547
249.3193 239.7764 0.741310346 0.368130996
250.3403 244.4873 0.758576363 0.369757439
251.4561 248.9854 0.775062442 0.371534898
251.5586 249.3086 0.776247009 0.371698179
253.3242 254.2422 0.794329248 0.374510763
255.4097 259.29 0.812830044 0.377832944
256.8887 262.4365 0.824362346 0.380188976
258.2007 264.4561 0.831764424 0.38227898
262.1318 269.7422 0.851138618 0.388541183
262.4482 270.123 0.852534296 0.389045205
268.1367 273.9424 0.866532858 0.39810693
273.958 275.1074 0.870802723 0.407380204
279.9146 274.0791 0.86703388 0.41686901
286.0103 271.2158 0.85653954 0.4265794
287.9521 269.7422 0.851138618 0.429672668
292.248 266.4922 0.839226976 0.436515995
294.2178 264.4561 0.831764424 0.439653867
298.6309 259.8916 0.815034981 0.446683892
299.0879 259.29 0.812830044 0.447411889
302.8486 254.2422 0.794329248 0.453402647
305.1621 251.0967 0.782800611 0.45708803
306.2363 249.3086 0.776247009 0.45879922
309.0483 244.4873 0.758576363 0.463278708
311.7271 239.7764 0.741310346 0.467546011
311.8457 239.5576 0.740508418 0.467734939
313.835 235.1729 0.724437963 0.470903875
315.7959 230.6729 0.707944921 0.474027569
317.625 226.2764 0.691831218 0.476941307
318.6851 223.5996 0.682020423 0.478630036
319.2319 221.9795 0.676082561 0.479501083
320.5728 217.7813 0.660695651 0.481637124
321.813 213.6777 0.645655462 0.48361275
322.957 209.668 0.630959428 0.485435131
324.0029 205.749 0.616595821 0.48710124
324.9473 201.9189 0.602558042 0.48860566
325.6836 198.6484 0.590571265 0.489778578
325.7754 198.1768 0.588842794 0.489924815
326.415 194.5205 0.575442014 0.490943691
326.9707 190.9463 0.562342139 0.491828916
327.4375 187.4541 0.549542805 0.492572524
327.8076 184.041 0.537033382 0.49316209
328.0742 180.7051 0.524806906 0.493586781
328.2266 177.4463 0.512863011 0.493829552
328.2598 174.2607 0.501187403 0.49388244
328.1729 171.1484 0.489780448 0.493744009
327.9717 168.1064 0.478631151 0.493423499
327.6641 165.1338 0.467736213 0.492933495
327.252 162.2285 0.457087938 0.492277024
326.7344 159.3896 0.446683027 0.491452492
326.0166 156.6152 0.436514517 0.490309044
325.6836 155.416 0.432119304 0.489778578
325.2266 153.9043 0.426578741 0.489050582
324.6152 151.2549 0.41686837 0.488076628
323.1748 148.666 0.40737974 0.485782085
321.5527 146.1357 0.398105885 0.483198095
319.7388 143.6641 0.389047173 0.48030857
318.6851 142.3936 0.384390637 0.478630036
317.5488 141.2471 0.380188576 0.476819922
314.9585 138.8867 0.371537426 0.472693599
312.229 136.5791 0.363079793 0.468345532
311.8457 136.2461 0.361859308 0.467734939
309.0415 134.3242 0.354815313 0.463267876
305.4146 132.1201 0.34673702 0.45749026
305.1621 131.9756 0.34620741 0.45708803
300.5005 129.9668 0.338844916 0.449662147
298.6309 129.2051 0.336053194 0.446683892
293.7109 127.8623 0.33113167 0.43884638
292.248 127.4863 0.329753584 0.436515995
286.0103 126.291 0.325372666 0.4265794
279.9146 126.4717 0.326034953 0.41686901
273.958 127.3643 0.32930644 0.407380204
