0.431514 5.40435
0.433774 4.87826
0.434353 5.88261
0.438869 4.5913
0.439457 6.21739
0.445692 6.4087
0.450762 4.2087
0.452492 6.55217
0.458726 6.64783
0.463792 4.06522
0.471758 6.69565
0.476822 3.96957
0.484222 6.69565
0.489284 3.82609
0.497821 6.74348
0.502316 3.87391
0.510852 6.74348
0.515913 3.82609
0.523883 6.74348
0.528378 3.87391
0.536347 6.74348
0.54141 3.92174
0.548811 6.69565
0.555009 4.01739
0.561842 6.64783
0.567476 4.16087
0.573709 4.25652
0.574871 6.50435
0.579943 4.4
0.585613 4.68696
0.586764 6.07391
0.59015 5.06957
0.590158 5.64348